500.00000000	87.02567784
502.00000000	87.07872816
504.00000000	86.89808121
506.00000000	86.99805866
508.00000000	87.13067062
510.00000000	87.19157917
512.00000000	87.16726720
514.00000000	87.30567905
516.00000000	87.19627214
518.00000000	87.17256923
520.00000000	87.15298806
522.00000000	87.16968380
524.00000000	87.30712984
526.00000000	87.39164574
528.00000000	87.36070019
530.00000000	87.28561837
532.00000000	87.40287531
534.00000000	87.36812107
536.00000000	87.38149177
538.00000000	87.47086335
540.00000000	87.32889857
542.00000000	87.71830360
544.00000000	87.45523721
546.00000000	87.38542187
548.00000000	87.52047847
550.00000000	87.62913719
552.00000000	87.66047676
554.00000000	87.73064418
556.00000000	87.53970326
558.00000000	87.81915912
560.00000000	87.74916290
562.00000000	87.67516194
564.00000000	87.71962650
566.00000000	87.75858418
568.00000000	87.72242492
570.00000000	87.82866411
572.00000000	88.01489003
574.00000000	88.12761479
576.00000000	87.98012730
578.00000000	87.71409620
580.00000000	88.13500301
582.00000000	87.91105093
584.00000000	88.06500957
586.00000000	87.96069141
588.00000000	88.00240383
590.00000000	87.86268952
592.00000000	87.99077635
594.00000000	88.00921585
596.00000000	88.04612016
598.00000000	88.06572447
600.00000000	88.05821201
602.00000000	88.29063067
604.00000000	88.15901009
606.00000000	88.18194574
608.00000000	88.38159329
610.00000000	88.19601233
612.00000000	88.25344287
614.00000000	88.15774713
616.00000000	88.31944615
618.00000000	88.45187482
620.00000000	88.16817026
622.00000000	88.55883634
624.00000000	88.31225327
626.00000000	88.43027296
628.00000000	88.25849998
630.00000000	88.65057777
632.00000000	88.58133698
634.00000000	88.33803075
636.00000000	88.56998885
638.00000000	88.27136737
640.00000000	88.46718830
642.00000000	88.52964281
644.00000000	88.38087585
646.00000000	88.39983172
648.00000000	88.55305936
650.00000000	88.64523282
652.00000000	88.50596023
654.00000000	88.76814485
656.00000000	88.54340514
658.00000000	88.60197037
660.00000000	88.62000972
662.00000000	88.68968792
664.00000000	88.52586733
666.00000000	88.75035320
668.00000000	88.61519522
670.00000000	88.49899731
672.00000000	88.59443253
674.00000000	88.59560189
676.00000000	88.69358461
678.00000000	88.75683754
680.00000000	88.76193264
682.00000000	88.87241502
684.00000000	88.88399553
686.00000000	89.31554659
688.00000000	89.67210603
690.00000000	90.20629348
692.00000000	90.71076433
694.00000000	91.25845389
696.00000000	92.90052667
698.00000000	94.47253629
700.00000000	96.60457439
702.00000000	99.17836221
704.00000000	102.48920898
706.00000000	106.49897612
708.00000000	111.18655268
710.00000000	116.79992220
712.00000000	122.49739676
714.00000000	128.70841174
716.00000000	135.37389890
718.00000000	142.15438847
720.00000000	148.38884132
722.00000000	154.04443113
724.00000000	159.02856565
726.00000000	162.49131367
728.00000000	164.86730671
730.00000000	165.79937896
732.00000000	165.14526143
734.00000000	162.55723504
736.00000000	159.12120957
738.00000000	154.22839430
740.00000000	148.76284108
742.00000000	142.17675667
744.00000000	135.69927268
746.00000000	129.08045557
748.00000000	122.72811565
750.00000000	116.71975157
752.00000000	111.55956417
754.00000000	106.63857425
756.00000000	102.46160041
758.00000000	99.27911341
760.00000000	96.82486986
762.00000000	94.79013586
764.00000000	93.08484182
766.00000000	92.01025474
768.00000000	90.98722717
770.00000000	90.41602219
772.00000000	90.03420854
774.00000000	89.65250671
776.00000000	89.47112042
778.00000000	89.48614854
780.00000000	89.19625509
782.00000000	89.04329676
784.00000000	89.14017375
786.00000000	89.19480791
788.00000000	89.08491024
790.00000000	88.98815444
792.00000000	89.20480482
794.00000000	89.20389611
796.00000000	88.98042211
798.00000000	89.22419280
800.00000000	89.02602395
802.00000000	89.40696043
804.00000000	88.92570065
806.00000000	89.31156887
808.00000000	89.18105668
810.00000000	89.13303506
812.00000000	89.15271014
814.00000000	89.15613728
816.00000000	89.36280233
818.00000000	89.34271324
820.00000000	89.31284935
822.00000000	89.32236777
824.00000000	89.35486226
826.00000000	89.15125697
828.00000000	89.34868362
830.00000000	89.04605532
832.00000000	89.18316135
834.00000000	89.11686348
836.00000000	89.16093565
838.00000000	89.23022991
840.00000000	89.17170699
842.00000000	89.26615816
844.00000000	89.13652538
846.00000000	88.99031874
848.00000000	89.16062070
850.00000000	89.31232452
852.00000000	89.07111027
854.00000000	89.25027416
856.00000000	89.12698862
858.00000000	89.13431184
860.00000000	89.10479219
862.00000000	89.28239031
864.00000000	89.13388506
866.00000000	89.14376084
868.00000000	89.19267922
870.00000000	89.16884554
872.00000000	89.10033270
874.00000000	89.21852971
876.00000000	89.34892372
878.00000000	89.15292379
880.00000000	89.21416344
882.00000000	89.18637378
884.00000000	89.26046944
886.00000000	88.86757902
888.00000000	89.35286832
890.00000000	89.12514412
892.00000000	89.10936809
894.00000000	89.37500383
896.00000000	89.09752138
898.00000000	89.11400581
900.00000000	89.19854424
902.00000000	89.15982301
904.00000000	88.95914307
906.00000000	89.14168150
908.00000000	89.11358634
910.00000000	89.22412638
912.00000000	89.14698418
914.00000000	89.24084149
916.00000000	89.28014510
918.00000000	89.18424015
920.00000000	89.30501927
922.00000000	89.17115173
924.00000000	89.47788465
926.00000000	89.65761855
928.00000000	89.39065045
930.00000000	89.81035278
932.00000000	89.69551695
934.00000000	90.18914416
936.00000000	90.30079682
938.00000000	90.80799921
940.00000000	91.55827359
942.00000000	92.00475576
944.00000000	92.87228382
946.00000000	93.76017189
948.00000000	94.99477668
950.00000000	96.18450746
952.00000000	97.66566707
954.00000000	99.61281360
956.00000000	101.64357974
958.00000000	104.23311424
960.00000000	107.18327038
962.00000000	110.04040890
964.00000000	113.76594407
966.00000000	117.47374015
968.00000000	121.57502120
970.00000000	125.89636951
972.00000000	130.80193410
974.00000000	135.67493743
976.00000000	140.65454291
978.00000000	145.78544177
980.00000000	150.83001331
982.00000000	156.01035079
984.00000000	160.78057988
986.00000000	165.34116254
988.00000000	169.72823335
990.00000000	173.43308189
992.00000000	176.49559594
994.00000000	179.06221720
996.00000000	181.14217949
998.00000000	181.99708226
1000.00000000	182.63144477
1002.00000000	182.15218227
1004.00000000	181.05936587
1006.00000000	179.18592657
1008.00000000	176.50223624
1010.00000000	173.25830605
1012.00000000	169.51650810
1014.00000000	165.15607485
1016.00000000	160.74480133
1018.00000000	155.80806335
1020.00000000	150.67546651
1022.00000000	145.68348702
1024.00000000	140.80721748
1026.00000000	135.49192805
1028.00000000	130.48260743
1030.00000000	125.79534804
1032.00000000	121.58198579
1034.00000000	117.20949479
1036.00000000	113.00568797
1038.00000000	110.11486098
1040.00000000	106.83304301
1042.00000000	103.94206589
1044.00000000	101.68981579
1046.00000000	99.25443401
1048.00000000	97.58194388
1050.00000000	95.86473215
1052.00000000	94.59167946
1054.00000000	93.29118844
1056.00000000	92.34175193
1058.00000000	91.75501248
1060.00000000	91.19897998
1062.00000000	90.62019601
1064.00000000	90.16903366
1066.00000000	89.87802916
1068.00000000	89.38592798
1070.00000000	89.58368367
1072.00000000	89.07438850
1074.00000000	89.23815610
1076.00000000	88.90598804
1078.00000000	88.92086603
1080.00000000	88.96682125
1082.00000000	88.61835148
1084.00000000	88.84268793
1086.00000000	88.83545395
1088.00000000	88.71742369
1090.00000000	88.91837071
1092.00000000	88.84213666
1094.00000000	88.74215120
1096.00000000	88.53688740
1098.00000000	88.76520404
1100.00000000	88.81991254
1102.00000000	88.69557997
1104.00000000	88.68572444
1106.00000000	88.71723247
1108.00000000	88.84004229
1110.00000000	89.05851203
1112.00000000	88.64535068
1114.00000000	88.78363146
1116.00000000	88.56146184
1118.00000000	88.74508004
1120.00000000	88.66882550
1122.00000000	88.78867461
1124.00000000	88.51876111
1126.00000000	88.76890238
1128.00000000	88.70671448
1130.00000000	88.60817326
1132.00000000	88.55680514
1134.00000000	88.83437044
1136.00000000	88.69087729
1138.00000000	88.68890830
1140.00000000	88.57173771
1142.00000000	88.54799502
1144.00000000	88.61498311
1146.00000000	88.72085394
1148.00000000	88.59737920
1150.00000000	88.70253806
1152.00000000	88.64873787
1154.00000000	88.88072534
1156.00000000	88.49981178
1158.00000000	88.62446005
1160.00000000	88.58213711
1162.00000000	88.47261491
1164.00000000	88.51707202
1166.00000000	88.53810214
1168.00000000	88.71417588
1170.00000000	88.62352036
1172.00000000	88.68162008
1174.00000000	88.61278074
1176.00000000	88.45857554
1178.00000000	88.67886090
1180.00000000	88.65662869
1182.00000000	88.62880657
1184.00000000	88.67786396
1186.00000000	88.76437425
1188.00000000	88.47621600
1190.00000000	88.48093990
1192.00000000	88.44374200
1194.00000000	88.46761691
1196.00000000	88.50016171
1198.00000000	88.46495348
1200.00000000	88.56521526
1202.00000000	88.52991365
1204.00000000	88.37915634
1206.00000000	88.48460407
1208.00000000	88.50276150
1210.00000000	88.56504919
1212.00000000	88.48165703
1214.00000000	88.55185789
1216.00000000	88.55713085
1218.00000000	88.53663024
1220.00000000	88.46868720
1222.00000000	88.55079741
1224.00000000	88.53334862
1226.00000000	88.63475657
1228.00000000	88.59538055
1230.00000000	88.56111966
1232.00000000	88.43854171
1234.00000000	88.50604995
1236.00000000	88.48539533
1238.00000000	88.50350490
1240.00000000	88.44486173
1242.00000000	88.34350539
1244.00000000	88.27123938
1246.00000000	88.50131450
1248.00000000	88.42669002
1250.00000000	88.61158183
1252.00000000	88.36629926
1254.00000000	88.57536569
1256.00000000	88.25617458
1258.00000000	88.32457141
1260.00000000	88.36049139
1262.00000000	88.46048997
1264.00000000	88.62772797
1266.00000000	88.58974717
1268.00000000	88.56918076
1270.00000000	88.30282576
1272.00000000	88.49139062
1274.00000000	88.41831691
1276.00000000	88.60085868
1278.00000000	88.57966607
1280.00000000	88.59215221
1282.00000000	88.59333250
1284.00000000	88.51450666
1286.00000000	88.33172448
1288.00000000	88.49338245
1290.00000000	88.23863033
1292.00000000	88.31139990
1294.00000000	88.39104643
1296.00000000	88.60015251
1298.00000000	88.49581098
1300.00000000	88.54300566
1302.00000000	88.40617259
1304.00000000	88.57032533
1306.00000000	88.54110011
1308.00000000	88.41604195
1310.00000000	88.49172395
1312.00000000	88.47503124
1314.00000000	88.47002978
1316.00000000	88.39039095
1318.00000000	88.25148420
1320.00000000	88.61453764
1322.00000000	88.51313696
1324.00000000	88.55853499
1326.00000000	88.50451986
1328.00000000	88.47666314
1330.00000000	88.36391533
1332.00000000	88.57057078
1334.00000000	88.60123481
1336.00000000	88.53899069
1338.00000000	88.47592362
1340.00000000	88.52417135
1342.00000000	88.57994011
1344.00000000	88.60441427
1346.00000000	88.61112325
1348.00000000	88.39723495
1350.00000000	88.70875048
1352.00000000	88.76661006
1354.00000000	88.74072634
1356.00000000	88.75259185
1358.00000000	88.72343167
1360.00000000	88.77267521
1362.00000000	89.03393877
1364.00000000	89.02954635
1366.00000000	89.12655304
1368.00000000	89.47320887
1370.00000000	89.40639442
1372.00000000	89.75388639
1374.00000000	90.08661771
1376.00000000	90.40483320
1378.00000000	90.95948375
1380.00000000	91.50162235
1382.00000000	92.27213605
1384.00000000	92.82149118
1386.00000000	93.92985799
1388.00000000	95.02670661
1390.00000000	96.25668739
1392.00000000	97.92265015
1394.00000000	99.54974779
1396.00000000	101.73578497
1398.00000000	103.69264145
1400.00000000	106.10347618
1402.00000000	108.62979342
1404.00000000	111.81327705
1406.00000000	115.05219048
1408.00000000	118.62191166
1410.00000000	122.49629481
1412.00000000	126.68729045
1414.00000000	130.84769514
1416.00000000	135.59794286
1418.00000000	140.33377918
1420.00000000	145.50001489
1422.00000000	150.57550588
1424.00000000	155.77867878
1426.00000000	160.74828845
1428.00000000	165.79835520
1430.00000000	170.64824313
1432.00000000	175.71982070
1434.00000000	180.00522002
1436.00000000	184.45199628
1438.00000000	187.86867920
1440.00000000	191.33414831
1442.00000000	193.81388246
1444.00000000	196.31496539
1446.00000000	197.90880581
1448.00000000	198.72617332
1450.00000000	199.18710215
1452.00000000	198.60221017
1454.00000000	197.82942519
1456.00000000	196.23995793
1458.00000000	194.18878003
1460.00000000	191.27307560
1462.00000000	188.14218599
1464.00000000	184.48831387
1466.00000000	180.17065145
1468.00000000	175.87177234
1470.00000000	171.17336251
1472.00000000	166.06981852
1474.00000000	161.09489593
1476.00000000	156.16727448
1478.00000000	150.89530990
1480.00000000	145.89611214
1482.00000000	140.81259807
1484.00000000	135.87732258
1486.00000000	131.57267802
1488.00000000	127.16246003
1490.00000000	122.83907345
1492.00000000	119.17199956
1494.00000000	115.47533520
1496.00000000	112.11605834
1498.00000000	108.94786861
1500.00000000	106.65327550
1502.00000000	104.16780404
1504.00000000	102.14884487
1506.00000000	100.02479375
1508.00000000	98.42031064
1510.00000000	96.90514575
1512.00000000	95.78622203
1514.00000000	94.85701969
1516.00000000	93.66814741
1518.00000000	92.83622379
1520.00000000	92.40912451
1522.00000000	91.60195953
1524.00000000	91.34965877
1526.00000000	91.01097153
1528.00000000	90.61589181
1530.00000000	90.42701610
1532.00000000	90.30636438
1534.00000000	90.15907217
1536.00000000	90.23844591
1538.00000000	89.90809420
1540.00000000	89.90527733
1542.00000000	89.54793504
1544.00000000	89.56705842
1546.00000000	89.52745738
1548.00000000	89.93134271
1550.00000000	89.61989297
1552.00000000	89.71268858
1554.00000000	89.84804173
1556.00000000	89.75844937
1558.00000000	89.91386032
1560.00000000	89.80794503
1562.00000000	89.77087052
1564.00000000	89.88215283
1566.00000000	89.94685161
1568.00000000	89.85755770
1570.00000000	89.97359465
1572.00000000	89.82385145
1574.00000000	90.06002345
1576.00000000	90.05206618
1578.00000000	90.16403084
1580.00000000	90.11920389
1582.00000000	90.21369634
1584.00000000	90.13526007
1586.00000000	90.30611311
1588.00000000	90.53833300
1590.00000000	90.57973378
1592.00000000	91.12675532
1594.00000000	91.26944002
1596.00000000	91.68320032
1598.00000000	92.10785796
1600.00000000	92.77763801
1602.00000000	93.50614960
1604.00000000	94.49996612
1606.00000000	95.60046326
1608.00000000	96.79502234
1610.00000000	98.45695728
1612.00000000	99.79272877
1614.00000000	102.16320204
1616.00000000	104.10072468
1618.00000000	106.92841563
1620.00000000	109.47072067
1622.00000000	112.74067966
1624.00000000	115.61344451
1626.00000000	119.29159793
1628.00000000	123.08567136
1630.00000000	126.47179823
1632.00000000	130.02506204
1634.00000000	133.60380730
1636.00000000	136.85506055
1638.00000000	139.80521151
1640.00000000	142.92695180
1642.00000000	145.07474895
1644.00000000	147.03822804
1646.00000000	148.57836891
1648.00000000	149.57067131
1650.00000000	149.62333648
1652.00000000	149.79159381
1654.00000000	148.92088335
1656.00000000	147.48638058
1658.00000000	145.44601139
1660.00000000	143.16126320
1662.00000000	140.28814632
1664.00000000	137.30502796
1666.00000000	133.96158144
1668.00000000	130.56253200
1670.00000000	126.87023747
1672.00000000	123.65270107
1674.00000000	120.00670072
1676.00000000	116.49619300
1678.00000000	113.60295404
1680.00000000	110.54738908
1682.00000000	107.76752038
1684.00000000	105.49039454
1686.00000000	102.76435212
1688.00000000	101.00204672
1690.00000000	99.53574470
1692.00000000	98.03416880
1694.00000000	96.80774974
1696.00000000	95.67959750
1698.00000000	94.86309290
1700.00000000	94.11248804
1702.00000000	93.76036780
1704.00000000	93.35958119
1706.00000000	92.79811480
1708.00000000	92.53411560
1710.00000000	92.41499057
1712.00000000	92.14758132
1714.00000000	92.10978325
1716.00000000	92.06000017
1718.00000000	92.26771089
1720.00000000	92.09836155
1722.00000000	91.94259680
1724.00000000	92.00109911
1726.00000000	92.35038301
1728.00000000	92.23812808
1730.00000000	92.11762002
1732.00000000	92.18496377
1734.00000000	92.01696520
1736.00000000	92.36467174
1738.00000000	92.22822572
1740.00000000	92.29498923
1742.00000000	92.45487890
1744.00000000	92.36790667
1746.00000000	92.68187714
1748.00000000	92.64839047
1750.00000000	92.61661047
1752.00000000	92.36500527
1754.00000000	92.51641034
1756.00000000	92.28057999
1758.00000000	92.59843779
1760.00000000	92.73447991
1762.00000000	92.66817992
1764.00000000	92.73143436
1766.00000000	92.71444270
1768.00000000	92.54665490
1770.00000000	92.92088080
1772.00000000	92.80826982
1774.00000000	92.80321245
1776.00000000	93.09860943
1778.00000000	92.84418617
1780.00000000	92.94249885
1782.00000000	93.28395481
1784.00000000	93.14187830
1786.00000000	93.00372068
1788.00000000	93.33006759
1790.00000000	93.19970952
1792.00000000	93.26095386
1794.00000000	93.17616493
1796.00000000	93.33166222
1798.00000000	93.26144082
1800.00000000	93.55592054
1802.00000000	93.62069384
1804.00000000	93.49832462
1806.00000000	93.52389533
1808.00000000	93.53924892
1810.00000000	93.56241403
1812.00000000	93.52848418
1814.00000000	93.89475547
1816.00000000	93.60205535
1818.00000000	94.01760772
1820.00000000	93.98281119
1822.00000000	94.15039712
1824.00000000	94.05736727
1826.00000000	93.85523376
1828.00000000	93.95447709
1830.00000000	94.14224131
1832.00000000	94.06811207
1834.00000000	93.88615378
1836.00000000	94.18444690
1838.00000000	94.32548515
1840.00000000	94.37731446
1842.00000000	94.45977109
1844.00000000	94.47392380
1846.00000000	94.08701826
1848.00000000	94.69127440
1850.00000000	94.41065698
1852.00000000	94.33618396
1854.00000000	94.52959431
1856.00000000	94.45706881
1858.00000000	94.70847692
1860.00000000	94.76627913
1862.00000000	94.68932240
1864.00000000	94.78564588
1866.00000000	94.88742010
1868.00000000	94.91395806
1870.00000000	95.04364097
1872.00000000	95.06524680
1874.00000000	95.22685266
1876.00000000	95.08697144
1878.00000000	95.19562481
1880.00000000	94.90900680
1882.00000000	95.16747885
1884.00000000	95.44907779
1886.00000000	95.45746030
1888.00000000	95.29240903
1890.00000000	95.43514290
1892.00000000	95.45792270
1894.00000000	95.44840621
1896.00000000	95.49665490
1898.00000000	95.87157221
1900.00000000	95.67967374
1902.00000000	95.85486473
1904.00000000	95.76014983
1906.00000000	95.69117317
1908.00000000	95.80931359
1910.00000000	95.81241424
1912.00000000	95.77412151
1914.00000000	95.82110567
1916.00000000	95.91253452
1918.00000000	95.83896194
1920.00000000	96.26120930
1922.00000000	96.00962889
1924.00000000	96.03285528
1926.00000000	96.31032199
1928.00000000	96.42446093
1930.00000000	96.43728515
1932.00000000	96.06778940
1934.00000000	96.48209928
1936.00000000	96.40398717
1938.00000000	96.60462015
1940.00000000	96.53502755
1942.00000000	96.69734400
1944.00000000	96.82583198
1946.00000000	96.81895191
1948.00000000	96.77324202
1950.00000000	96.86670977
1952.00000000	96.78345159
1954.00000000	97.02644229
1956.00000000	97.04386864
1958.00000000	97.16990446
1960.00000000	96.90733237
1962.00000000	97.18707403
1964.00000000	97.09699499
1966.00000000	97.09443809
1968.00000000	97.08172178
1970.00000000	97.19891914
1972.00000000	97.43560638
1974.00000000	97.23470425
1976.00000000	97.54226231
1978.00000000	97.39762704
1980.00000000	97.51821688
1982.00000000	97.65292252
1984.00000000	97.62715407
1986.00000000	97.57969214
1988.00000000	97.65877007
1990.00000000	97.85468542
1992.00000000	97.72985735
1994.00000000	97.85668425
1996.00000000	97.58029991
1998.00000000	98.28896514
2000.00000000	98.05852553
2002.00000000	98.01913887
2004.00000000	98.12052479
2006.00000000	98.22858389
2008.00000000	98.17636165
2010.00000000	98.22916348
2012.00000000	98.41019556
2014.00000000	98.57074337
2016.00000000	98.48328876
2018.00000000	98.58046063
2020.00000000	98.62576495
2022.00000000	98.49107419
2024.00000000	98.63456915
2026.00000000	98.59950041
2028.00000000	98.91671914
2030.00000000	98.81832672
2032.00000000	98.81789452
2034.00000000	99.01408449
2036.00000000	98.99022674
2038.00000000	98.96676740
2040.00000000	98.95625695
2042.00000000	98.97553274
2044.00000000	98.82966755
2046.00000000	99.30152658
2048.00000000	99.16062985
2050.00000000	99.20185783
2052.00000000	99.30473482
2054.00000000	99.34105246
2056.00000000	99.53456896
2058.00000000	99.58131085
2060.00000000	99.72887863
2062.00000000	99.93633496
2064.00000000	99.65158037
2066.00000000	99.99476680
2068.00000000	99.87983538
2070.00000000	99.83427020
2072.00000000	99.81988038
2074.00000000	100.04762501
2076.00000000	99.87991477
2078.00000000	100.26132707
2080.00000000	100.16949235
2082.00000000	100.16719892
2084.00000000	100.52149305
2086.00000000	100.13687050
2088.00000000	100.59938400
2090.00000000	100.38079310
2092.00000000	100.54461574
2094.00000000	100.53117945
2096.00000000	100.79992800
2098.00000000	100.58281091
2100.00000000	100.62333170
2102.00000000	100.84167306
2104.00000000	100.81441685
2106.00000000	100.99399258
2108.00000000	100.97123922
2110.00000000	101.16117746
2112.00000000	101.23630101
2114.00000000	101.21805320
2116.00000000	101.31077780
2118.00000000	101.55852786
2120.00000000	101.70953431
2122.00000000	101.77135874
2124.00000000	101.97714085
2126.00000000	102.06725052
2128.00000000	102.29882731
2130.00000000	102.34173615
2132.00000000	102.70150563
2134.00000000	102.83188266
2136.00000000	103.22510752
2138.00000000	103.49283847
2140.00000000	103.82313435
2142.00000000	103.99455151
2144.00000000	104.61703588
2146.00000000	105.02222080
2148.00000000	105.57138159
2150.00000000	105.94398293
2152.00000000	106.36208004
2154.00000000	106.94905548
2156.00000000	107.72742868
2158.00000000	108.61663064
2160.00000000	109.22800250
2162.00000000	110.14912660
2164.00000000	111.05521883
2166.00000000	111.94695747
2168.00000000	113.43604544
2170.00000000	114.56272005
2172.00000000	115.98539958
2174.00000000	117.24825364
2176.00000000	118.83047984
2178.00000000	119.95230586
2180.00000000	122.02395982
2182.00000000	123.68080098
2184.00000000	125.47142856
2186.00000000	127.66507083
2188.00000000	129.57334955
2190.00000000	131.68113580
2192.00000000	133.93667572
2194.00000000	136.57681422
2196.00000000	139.04883710
2198.00000000	141.37246305
2200.00000000	143.85815625
2202.00000000	146.61794339
2204.00000000	149.15136533
2206.00000000	151.92098715
2208.00000000	154.76762891
2210.00000000	157.40416562
2212.00000000	160.24973902
2214.00000000	162.69122516
2216.00000000	165.35472563
2218.00000000	168.33901139
2220.00000000	170.75576212
2222.00000000	173.23957095
2224.00000000	175.56065130
2226.00000000	178.04370598
2228.00000000	180.29977472
2230.00000000	182.59932808
2232.00000000	184.16198152
2234.00000000	185.97297184
2236.00000000	187.75719624
2238.00000000	189.22613001
2240.00000000	190.12837173
2242.00000000	191.22741363
2244.00000000	192.19841364
2246.00000000	192.69325145
2248.00000000	193.17380973
2250.00000000	193.10886941
2252.00000000	193.03255567
2254.00000000	193.03845415
2256.00000000	192.55419084
2258.00000000	191.75474504
2260.00000000	190.87420373
2262.00000000	189.54237240
2264.00000000	188.36502123
2266.00000000	186.69395964
2268.00000000	185.20666664
2270.00000000	183.04533329
2272.00000000	181.30809632
2274.00000000	179.23465727
2276.00000000	177.24406906
2278.00000000	174.88882099
2280.00000000	172.22029382
2282.00000000	169.68331559
2284.00000000	167.27729323
2286.00000000	164.57062862
2288.00000000	161.93788819
2290.00000000	159.46921190
2292.00000000	156.98121138
2294.00000000	154.44095487
2296.00000000	151.66795988
2298.00000000	148.90154334
2300.00000000	146.52109699
2302.00000000	144.19555444
2304.00000000	141.52679211
2306.00000000	139.33826155
2308.00000000	137.15362972
2310.00000000	135.10563880
2312.00000000	132.80390768
2314.00000000	130.87383756
2316.00000000	129.25655487
2318.00000000	127.07447179
2320.00000000	125.60249694
2322.00000000	123.91891429
2324.00000000	122.53385150
2326.00000000	121.18223913
2328.00000000	119.71188383
2330.00000000	118.58448550
2332.00000000	117.52046817
2334.00000000	116.52328017
2336.00000000	115.81967439
2338.00000000	114.79375044
2340.00000000	113.93078136
2342.00000000	113.09126544
2344.00000000	112.52227735
2346.00000000	112.25905013
2348.00000000	111.47463567
2350.00000000	111.01522411
2352.00000000	110.67156267
2354.00000000	110.25551067
2356.00000000	110.10814501
2358.00000000	109.68116096
2360.00000000	109.40117978
2362.00000000	109.16981149
2364.00000000	109.04579979
2366.00000000	108.86101522
2368.00000000	108.88174920
2370.00000000	108.74237411
2372.00000000	108.34366047
2374.00000000	108.41716659
2376.00000000	108.47189298
2378.00000000	108.33790058
2380.00000000	108.46542359
2382.00000000	108.25544483
2384.00000000	108.26069526
2386.00000000	108.17089474
2388.00000000	108.28623614
2390.00000000	107.99683024
2392.00000000	108.43612211
2394.00000000	108.46570655
2396.00000000	108.23603900
2398.00000000	108.46635057
2400.00000000	108.37875804
2402.00000000	108.63500611
2404.00000000	108.36829011
2406.00000000	108.46543244
2408.00000000	108.69709533
2410.00000000	108.65417977
2412.00000000	108.70440673
2414.00000000	108.64005961
2416.00000000	108.61664242
2418.00000000	108.80122018
2420.00000000	108.76848983
2422.00000000	108.75049779
2424.00000000	108.88769704
2426.00000000	108.63015562
2428.00000000	109.18078841
2430.00000000	108.86039886
2432.00000000	108.92881843
2434.00000000	109.10122407
2436.00000000	109.01397778
2438.00000000	109.16599851
2440.00000000	109.08591444
2442.00000000	109.17222514
2444.00000000	109.34818286
2446.00000000	109.30660279
2448.00000000	109.48275415
2450.00000000	109.26498156
2452.00000000	109.49335097
2454.00000000	109.36332545
2456.00000000	109.70307443
2458.00000000	109.56500586
2460.00000000	109.65239809
2462.00000000	109.61798432
2464.00000000	109.70364545
2466.00000000	109.87370467
2468.00000000	109.60286218
2470.00000000	109.81695507
2472.00000000	110.01039777
2474.00000000	110.06830960
2476.00000000	109.72165616
2478.00000000	110.00575064
2480.00000000	110.05172702
2482.00000000	109.84497037
2484.00000000	110.07574555
2486.00000000	110.15246716
2488.00000000	110.16476854
2490.00000000	110.07327118
2492.00000000	110.28715173
2494.00000000	110.29971741
2496.00000000	110.25095422
2498.00000000	110.35221114
2500.00000000	110.51363845
2502.00000000	110.33064685
2504.00000000	110.48043675
2506.00000000	110.40504270
2508.00000000	110.39571688
2510.00000000	110.58895741
2512.00000000	110.63595947
2514.00000000	110.66264029
2516.00000000	110.51269457
2518.00000000	110.67995902
2520.00000000	110.65380441
2522.00000000	110.74493227
2524.00000000	110.73209353
2526.00000000	110.93491066
2528.00000000	111.04095174
2530.00000000	111.08965778
2532.00000000	110.94833355
2534.00000000	110.97067669
2536.00000000	111.20511200
2538.00000000	111.23040496
2540.00000000	111.10769877
2542.00000000	111.12153251
2544.00000000	111.06501672
2546.00000000	111.10488563
2548.00000000	111.36501743
2550.00000000	111.34216374
2552.00000000	111.02461169
2554.00000000	111.35573039
2556.00000000	111.60187004
2558.00000000	111.31609952
2560.00000000	111.25910680
2562.00000000	111.62786499
2564.00000000	111.79701132
2566.00000000	111.35881650
2568.00000000	111.55843579
2570.00000000	111.58051504
2572.00000000	111.64682445
2574.00000000	111.76086936
2576.00000000	111.58218989
2578.00000000	111.76418972
2580.00000000	111.76984808
2582.00000000	112.15856658
2584.00000000	111.69067994
2586.00000000	111.83471396
2588.00000000	111.98156650
2590.00000000	111.90536058
2592.00000000	112.07767800
2594.00000000	111.97425010
2596.00000000	112.01713770
2598.00000000	112.27402897
2600.00000000	112.09770123
2602.00000000	112.40432449
2604.00000000	112.06550552
2606.00000000	112.22644392
2608.00000000	112.22791645
2610.00000000	112.28089834
2612.00000000	112.38975293
2614.00000000	112.09692379
2616.00000000	112.46042258
2618.00000000	112.34130474
2620.00000000	112.67156136
2622.00000000	112.27553193
2624.00000000	112.43586618
2626.00000000	112.60417143
2628.00000000	112.51978840
2630.00000000	112.27915828
2632.00000000	112.52205812
2634.00000000	112.41462788
2636.00000000	112.70173901
2638.00000000	112.48963183
2640.00000000	112.71018884
2642.00000000	112.60011589
2644.00000000	112.86640473
2646.00000000	112.75636946
2648.00000000	112.89189496
2650.00000000	112.77560558
2652.00000000	112.82093869
2654.00000000	112.72470188
2656.00000000	112.68062013
2658.00000000	112.77141508
2660.00000000	112.98484702
2662.00000000	112.95666401
2664.00000000	112.90971790
2666.00000000	113.09178332
2668.00000000	113.15932552
2670.00000000	113.02621690
2672.00000000	112.93083576
2674.00000000	113.02004495
2676.00000000	113.03249525
2678.00000000	113.04709618
2680.00000000	113.06995517
2682.00000000	113.22571920
2684.00000000	113.31693877
2686.00000000	113.47878069
2688.00000000	113.45791610
2690.00000000	113.35431074
2692.00000000	113.23125875
2694.00000000	113.18872341
2696.00000000	113.25392379
2698.00000000	113.30631592
2700.00000000	113.57404838
2702.00000000	113.38030574
2704.00000000	113.30062879
2706.00000000	113.40001642
2708.00000000	113.55845812
2710.00000000	113.44390980
2712.00000000	113.23114328
2714.00000000	113.53765135
2716.00000000	113.42652975
2718.00000000	113.80748504
2720.00000000	113.82552007
2722.00000000	113.56639108
2724.00000000	113.87668023
2726.00000000	113.85153252
2728.00000000	113.90993107
2730.00000000	113.89280832
2732.00000000	113.77415392
2734.00000000	113.99976819
2736.00000000	113.90099558
2738.00000000	114.01727055
2740.00000000	114.29088034
2742.00000000	114.09685837
2744.00000000	114.13952735
2746.00000000	114.38377265
2748.00000000	114.40279737
2750.00000000	114.32743791
2752.00000000	114.61182502
2754.00000000	114.67126693
2756.00000000	114.63123196
2758.00000000	114.79398309
2760.00000000	115.09209553
2762.00000000	115.16647967
2764.00000000	115.08251438
2766.00000000	115.34111808
2768.00000000	115.50172506
2770.00000000	115.73736389
2772.00000000	115.76924357
2774.00000000	116.04440551
2776.00000000	116.26644422
2778.00000000	116.88881606
2780.00000000	116.76541103
2782.00000000	117.30548704
2784.00000000	117.59093767
2786.00000000	118.08618327
2788.00000000	118.18126413
2790.00000000	118.80228083
2792.00000000	118.91108865
2794.00000000	119.72208607
2796.00000000	120.17761567
2798.00000000	120.89618500
2800.00000000	121.30690865
2802.00000000	122.19391172
2804.00000000	122.89824069
2806.00000000	123.68287269
2808.00000000	124.40846342
2810.00000000	125.28761132
2812.00000000	125.95424267
2814.00000000	127.15756355
2816.00000000	128.19994809
2818.00000000	129.37467214
2820.00000000	130.40853340
2822.00000000	131.42019036
2824.00000000	132.81928619
2826.00000000	133.96722997
2828.00000000	135.42402668
2830.00000000	137.03407250
2832.00000000	138.81491035
2834.00000000	140.20674939
2836.00000000	142.01844162
2838.00000000	143.66186314
2840.00000000	145.46239183
2842.00000000	147.27891433
2844.00000000	149.34321871
2846.00000000	151.10289747
2848.00000000	153.21650818
2850.00000000	155.88097380
2852.00000000	157.62529993
2854.00000000	160.01651460
2856.00000000	162.42915031
2858.00000000	164.83147920
2860.00000000	167.00369272
2862.00000000	169.67118138
2864.00000000	172.16425205
2866.00000000	174.80317764
2868.00000000	177.47551535
2870.00000000	179.74846900
2872.00000000	182.30700785
2874.00000000	184.87039523
2876.00000000	187.69184602
2878.00000000	190.17095559
2880.00000000	192.75831943
2882.00000000	195.52095450
2884.00000000	198.23332404
2886.00000000	200.26795652
2888.00000000	202.99816375
2890.00000000	205.49148827
2892.00000000	207.77973478
2894.00000000	209.85281840
2896.00000000	212.47709724
2898.00000000	214.51638026
2900.00000000	216.63711271
2902.00000000	218.61496520
2904.00000000	220.21819141
2906.00000000	222.24578702
2908.00000000	223.78864685
2910.00000000	225.40458440
2912.00000000	226.85739263
2914.00000000	228.14896225
2916.00000000	229.50157012
2918.00000000	230.20924104
2920.00000000	231.05522626
2922.00000000	231.82516009
2924.00000000	232.29793273
2926.00000000	232.73820839
2928.00000000	232.70413973
2930.00000000	232.82445669
2932.00000000	232.95585958
2934.00000000	232.65369133
2936.00000000	232.38121217
2938.00000000	231.78542226
2940.00000000	231.00911718
2942.00000000	230.27305966
2944.00000000	229.21720270
2946.00000000	228.12111396
2948.00000000	226.97539580
2950.00000000	225.34893298
2952.00000000	223.71502095
2954.00000000	222.07588500
2956.00000000	220.64757802
2958.00000000	218.51311166
2960.00000000	216.72275926
2962.00000000	214.68912765
2964.00000000	212.61098485
2966.00000000	210.28266196
2968.00000000	207.66590316
2970.00000000	205.62596156
2972.00000000	203.05832361
2974.00000000	200.79248803
2976.00000000	198.17959521
2978.00000000	195.60732753
2980.00000000	192.97665856
2982.00000000	190.41407680
2984.00000000	187.79861761
2986.00000000	185.19458768
2988.00000000	182.46951408
2990.00000000	179.98059009
2992.00000000	177.35326790
2994.00000000	174.99832682
2996.00000000	172.54001425
2998.00000000	170.08081346
3000.00000000	167.34348513
3002.00000000	165.11810294
3004.00000000	162.63429974
3006.00000000	160.19304292
3008.00000000	158.01497091
3010.00000000	155.91468844
3012.00000000	153.94225716
3014.00000000	151.67746702
3016.00000000	149.74729897
3018.00000000	147.48320304
3020.00000000	145.61612005
3022.00000000	144.02873172
3024.00000000	142.15365549
3026.00000000	140.74638184
3028.00000000	138.92110771
3030.00000000	137.48877263
3032.00000000	135.87220118
3034.00000000	134.50929669
3036.00000000	133.05254916
3038.00000000	131.84673576
3040.00000000	130.51330787
3042.00000000	129.62900352
3044.00000000	128.74023188
3046.00000000	127.52281061
3048.00000000	126.66669361
3050.00000000	125.82012428
3052.00000000	124.92527569
3054.00000000	123.98294675
3056.00000000	123.17792720
3058.00000000	122.63543942
3060.00000000	121.89785467
3062.00000000	121.38203419
3064.00000000	120.76370139
3066.00000000	120.24269318
3068.00000000	119.93588702
3070.00000000	119.46820869
3072.00000000	118.85099299
3074.00000000	118.48427024
3076.00000000	118.26512996
3078.00000000	117.99351868
3080.00000000	117.72108630
3082.00000000	117.35953353
3084.00000000	116.97809360
3086.00000000	116.88401244
3088.00000000	116.64884108
3090.00000000	116.37714119
3092.00000000	116.29423505
3094.00000000	116.07420772
3096.00000000	116.01978688
3098.00000000	115.65695718
3100.00000000	115.54871366
3102.00000000	115.62168899
3104.00000000	115.44991875
3106.00000000	115.36288466
3108.00000000	115.40201577
3110.00000000	115.11467701
3112.00000000	115.27630382
3114.00000000	115.00493791
3116.00000000	114.92933275
3118.00000000	114.86639995
3120.00000000	114.96627283
3122.00000000	114.80851775
3124.00000000	114.92266781
3126.00000000	114.69812269
3128.00000000	114.94389558
3130.00000000	114.95080047
3132.00000000	114.79894749
3134.00000000	114.73204867
3136.00000000	114.91036830
3138.00000000	114.75005791
3140.00000000	114.75501851
3142.00000000	114.75536797
3144.00000000	114.73113327
3146.00000000	114.77223873
3148.00000000	114.62744627
3150.00000000	114.51994494
3152.00000000	114.74362532
3154.00000000	114.65889686
3156.00000000	114.65966364
3158.00000000	114.51102733
3160.00000000	114.63187726
3162.00000000	114.60456825
3164.00000000	114.35295528
3166.00000000	114.68746782
3168.00000000	114.77906336
3170.00000000	114.28706034
3172.00000000	114.57344647
3174.00000000	114.53842663
3176.00000000	114.66699675
3178.00000000	114.17097964
3180.00000000	114.43518202
3182.00000000	114.57664749
3184.00000000	114.47075467
3186.00000000	114.70222230
3188.00000000	114.42070301
3190.00000000	114.43204769
3192.00000000	114.57190174
3194.00000000	114.38984224
3196.00000000	114.51179325
3198.00000000	114.54699788
3200.00000000	114.45037235
3202.00000000	114.35960341
3204.00000000	114.43291975
3206.00000000	114.54745281
3208.00000000	114.52682310
3210.00000000	114.44996945
3212.00000000	114.43486102
3214.00000000	114.37256010
3216.00000000	114.70308270
3218.00000000	114.24504242
3220.00000000	114.43156548
3222.00000000	114.43811094
3224.00000000	114.68080957
3226.00000000	114.51870262
3228.00000000	114.34668006
3230.00000000	114.13726650
3232.00000000	114.18541074
3234.00000000	114.27511680
3236.00000000	114.37778993
3238.00000000	114.29579744
3240.00000000	114.47326082
3242.00000000	114.13890196
3244.00000000	114.26486428
3246.00000000	114.18369039
3248.00000000	114.42513284
3250.00000000	114.44379637
3252.00000000	114.20283821
3254.00000000	114.15872797
3256.00000000	114.22632654
3258.00000000	114.34444917
3260.00000000	114.35328387
3262.00000000	114.43668537
3264.00000000	114.40563251
3266.00000000	114.20740156
3268.00000000	114.30992226
3270.00000000	114.28551573
3272.00000000	114.46505115
3274.00000000	114.30979268
3276.00000000	114.25683851
3278.00000000	114.19529903
3280.00000000	114.37322990
3282.00000000	114.20796588
3284.00000000	114.08086141
3286.00000000	114.28985706
3288.00000000	114.26332205
3290.00000000	114.22229342
3292.00000000	114.12102556
3294.00000000	114.07568810
3296.00000000	114.08181208
3298.00000000	114.06053307
3300.00000000	114.23104146
