500.00000000	87.05473857
502.00000000	87.04487297
504.00000000	86.85953682
506.00000000	87.08797760
508.00000000	87.11917336
510.00000000	87.10702811
512.00000000	87.16683439
514.00000000	87.12418573
516.00000000	87.26453384
518.00000000	87.39687701
520.00000000	87.27422263
522.00000000	87.19491928
524.00000000	87.30849722
526.00000000	87.22922942
528.00000000	87.43871234
530.00000000	87.18320799
532.00000000	87.43717700
534.00000000	87.39021546
536.00000000	87.47602639
538.00000000	87.30947788
540.00000000	87.36654553
542.00000000	87.36750710
544.00000000	87.36816875
546.00000000	87.45776836
548.00000000	87.53490383
550.00000000	87.64521221
552.00000000	87.57062367
554.00000000	87.79843688
556.00000000	87.61810201
558.00000000	87.73140668
560.00000000	87.82570758
562.00000000	87.42974047
564.00000000	87.83176296
566.00000000	87.81701867
568.00000000	87.90164749
570.00000000	87.94246328
572.00000000	87.69342218
574.00000000	87.87900428
576.00000000	87.76193153
578.00000000	87.98682550
580.00000000	88.02931262
582.00000000	87.76022573
584.00000000	87.86082671
586.00000000	87.98162329
588.00000000	88.02600870
590.00000000	87.88354001
592.00000000	87.98568046
594.00000000	88.09296485
596.00000000	88.25037775
598.00000000	88.21165440
600.00000000	87.78693424
602.00000000	88.05342001
604.00000000	88.12062296
606.00000000	88.01143392
608.00000000	88.22170210
610.00000000	87.95427667
612.00000000	88.25167228
614.00000000	88.39361296
616.00000000	88.30127280
618.00000000	88.24462107
620.00000000	88.39810590
622.00000000	88.21683889
624.00000000	88.15765680
626.00000000	88.39887777
628.00000000	88.21866264
630.00000000	88.36087438
632.00000000	88.33989585
634.00000000	88.20959907
636.00000000	88.34196510
638.00000000	88.57029172
640.00000000	88.59495410
642.00000000	88.51577796
644.00000000	88.46507682
646.00000000	88.52758278
648.00000000	88.75500149
650.00000000	88.58906319
652.00000000	88.40395187
654.00000000	88.29047801
656.00000000	88.69354451
658.00000000	88.54999758
660.00000000	88.60028717
662.00000000	88.41870716
664.00000000	88.77376212
666.00000000	88.56699022
668.00000000	88.70882586
670.00000000	88.56415327
672.00000000	88.53111761
674.00000000	88.82050254
676.00000000	88.76631335
678.00000000	88.65552733
680.00000000	88.91745820
682.00000000	88.91717254
684.00000000	89.15846238
686.00000000	89.42523003
688.00000000	89.54497747
690.00000000	90.01404488
692.00000000	90.64391287
694.00000000	91.62640494
696.00000000	92.89087757
698.00000000	94.47675856
700.00000000	96.71646496
702.00000000	99.47533378
704.00000000	102.81639802
706.00000000	106.86981678
708.00000000	111.46783032
710.00000000	117.11438289
712.00000000	123.11870657
714.00000000	129.58252434
716.00000000	136.31642340
718.00000000	142.91194850
720.00000000	149.32064911
722.00000000	155.19249410
724.00000000	159.92120322
726.00000000	163.82949680
728.00000000	166.41671320
730.00000000	167.21633028
732.00000000	166.17436997
734.00000000	163.88208578
736.00000000	160.18932045
738.00000000	155.39250671
740.00000000	149.31989282
742.00000000	142.87403887
744.00000000	136.22807449
746.00000000	129.62848170
748.00000000	123.05396899
750.00000000	117.14479343
752.00000000	111.63164119
754.00000000	106.93226015
756.00000000	102.90073098
758.00000000	99.76091501
760.00000000	96.87918070
762.00000000	94.79270707
764.00000000	93.32422196
766.00000000	91.78505487
768.00000000	91.06933841
770.00000000	90.66205396
772.00000000	89.98362454
774.00000000	89.60814162
776.00000000	89.32558889
778.00000000	89.09318344
780.00000000	89.36602725
782.00000000	89.17036201
784.00000000	89.23766946
786.00000000	89.22041508
788.00000000	89.10946569
790.00000000	89.09017234
792.00000000	89.12860451
794.00000000	89.18207353
796.00000000	89.05718573
798.00000000	89.06882032
800.00000000	89.19771697
802.00000000	89.05085914
804.00000000	89.36094802
806.00000000	89.33240163
808.00000000	89.16037975
810.00000000	89.21593297
812.00000000	89.12850291
814.00000000	89.11098302
816.00000000	89.19551397
818.00000000	89.14643458
820.00000000	89.20963269
822.00000000	89.27264908
824.00000000	89.29701474
826.00000000	89.28936966
828.00000000	89.18989930
830.00000000	89.33140669
832.00000000	88.97485959
834.00000000	89.30397277
836.00000000	89.15100766
838.00000000	89.35060548
840.00000000	89.24845375
842.00000000	89.22042392
844.00000000	89.39102926
846.00000000	89.30906882
848.00000000	89.30733941
850.00000000	89.26489184
852.00000000	89.22910929
854.00000000	89.04423512
856.00000000	89.10140885
858.00000000	89.08829185
860.00000000	89.21139316
862.00000000	89.15150745
864.00000000	89.24901484
866.00000000	89.28027782
868.00000000	89.09797701
870.00000000	89.18751319
872.00000000	89.16527905
874.00000000	89.09811162
876.00000000	89.15093028
878.00000000	89.31834554
880.00000000	89.21204852
882.00000000	89.17021068
884.00000000	88.98176885
886.00000000	89.09887064
888.00000000	89.37242424
890.00000000	89.17380650
892.00000000	89.27052376
894.00000000	88.78280621
896.00000000	89.36325894
898.00000000	89.22197860
900.00000000	89.06473020
902.00000000	89.29156887
904.00000000	89.31479624
906.00000000	89.07556464
908.00000000	89.11189051
910.00000000	89.08338996
912.00000000	89.22417325
914.00000000	89.21664233
916.00000000	89.24497608
918.00000000	89.38335450
920.00000000	89.46617883
922.00000000	89.20361520
924.00000000	89.59332517
926.00000000	89.16577643
928.00000000	89.76596900
930.00000000	89.65498363
932.00000000	89.97345569
934.00000000	90.30249468
936.00000000	90.64686848
938.00000000	90.84713251
940.00000000	91.55536436
942.00000000	91.93012258
944.00000000	92.66495865
946.00000000	93.75378251
948.00000000	95.01988603
950.00000000	96.22999470
952.00000000	98.04290338
954.00000000	99.75475910
956.00000000	102.00620103
958.00000000	104.62094026
960.00000000	107.13614081
962.00000000	110.58052346
964.00000000	114.08463887
966.00000000	117.86336658
968.00000000	121.98654210
970.00000000	126.63129809
972.00000000	131.16975433
974.00000000	136.28316278
976.00000000	141.50275093
978.00000000	146.46470222
980.00000000	151.91521911
982.00000000	157.03276457
984.00000000	161.79975807
986.00000000	166.42022030
988.00000000	171.15140936
990.00000000	174.74311654
992.00000000	177.76353365
994.00000000	180.64142219
996.00000000	182.65694815
998.00000000	183.60916803
1000.00000000	183.98787221
1002.00000000	183.62128689
1004.00000000	182.46532559
1006.00000000	180.37091680
1008.00000000	177.79667118
1010.00000000	174.54756632
1012.00000000	170.63472597
1014.00000000	166.54250595
1016.00000000	161.88733242
1018.00000000	156.99148762
1020.00000000	151.65833466
1022.00000000	146.52472013
1024.00000000	141.34296835
1026.00000000	136.04068509
1028.00000000	131.02558541
1030.00000000	126.41718380
1032.00000000	121.91131079
1034.00000000	117.84323062
1036.00000000	113.65515233
1038.00000000	110.29803923
1040.00000000	107.04962065
1042.00000000	104.25558682
1044.00000000	101.55256268
1046.00000000	99.72106948
1048.00000000	97.83049376
1050.00000000	96.21526311
1052.00000000	94.68329573
1054.00000000	93.50483154
1056.00000000	92.87333492
1058.00000000	91.90186778
1060.00000000	91.27868087
1062.00000000	90.68514436
1064.00000000	90.21819449
1066.00000000	90.03576509
1068.00000000	89.76192972
1070.00000000	89.49232413
1072.00000000	89.41161200
1074.00000000	89.25853149
1076.00000000	88.94584468
1078.00000000	88.90408496
1080.00000000	88.75934150
1082.00000000	88.79788208
1084.00000000	88.53981551
1086.00000000	88.89675377
1088.00000000	88.79359090
1090.00000000	88.96388739
1092.00000000	88.77317531
1094.00000000	88.82024736
1096.00000000	88.79971668
1098.00000000	88.84072561
1100.00000000	88.87430685
1102.00000000	88.72273234
1104.00000000	88.66208649
1106.00000000	88.54194188
1108.00000000	88.72739008
1110.00000000	88.68172081
1112.00000000	88.74856391
1114.00000000	88.63178309
1116.00000000	88.76313027
1118.00000000	88.65292122
1120.00000000	88.74793827
1122.00000000	88.64874862
1124.00000000	88.88285163
1126.00000000	88.71441374
1128.00000000	88.57383699
1130.00000000	88.53897723
1132.00000000	88.78639388
1134.00000000	88.68999522
1136.00000000	88.59625011
1138.00000000	88.71959409
1140.00000000	88.64634718
1142.00000000	88.76963481
1144.00000000	88.39721546
1146.00000000	88.66486184
1148.00000000	88.74533203
1150.00000000	88.62224275
1152.00000000	88.74147477
1154.00000000	88.58579061
1156.00000000	88.54593437
1158.00000000	88.62369928
1160.00000000	88.60065348
1162.00000000	88.40589541
1164.00000000	88.66156762
1166.00000000	88.76849216
1168.00000000	88.49520756
1170.00000000	88.56567528
1172.00000000	88.31486683
1174.00000000	88.57676729
1176.00000000	88.37506708
1178.00000000	88.77832992
1180.00000000	88.49605620
1182.00000000	88.47136326
1184.00000000	88.74622572
1186.00000000	88.56128101
1188.00000000	88.60109917
1190.00000000	88.86395575
1192.00000000	88.46913227
1194.00000000	88.36988833
1196.00000000	88.48452112
1198.00000000	88.39756901
1200.00000000	88.35547544
1202.00000000	88.37431358
1204.00000000	88.40029842
1206.00000000	88.43973060
1208.00000000	88.51097363
1210.00000000	88.46454309
1212.00000000	88.46862080
1214.00000000	88.54041585
1216.00000000	88.50674200
1218.00000000	88.34383008
1220.00000000	88.63895518
1222.00000000	88.48672802
1224.00000000	88.50582697
1226.00000000	88.48332750
1228.00000000	88.37882501
1230.00000000	88.70446804
1232.00000000	88.48414469
1234.00000000	88.22485319
1236.00000000	88.38279920
1238.00000000	88.47321891
1240.00000000	88.54554413
1242.00000000	88.27379349
1244.00000000	88.39551120
1246.00000000	88.39245958
1248.00000000	88.40035587
1250.00000000	88.52046495
1252.00000000	88.44919872
1254.00000000	88.53106795
1256.00000000	88.44252444
1258.00000000	88.35645153
1260.00000000	88.59402516
1262.00000000	88.56716236
1264.00000000	88.24955773
1266.00000000	88.44389494
1268.00000000	88.34113856
1270.00000000	88.75804805
1272.00000000	88.40414221
1274.00000000	88.31797461
1276.00000000	88.38603662
1278.00000000	88.36489460
1280.00000000	88.45557403
1282.00000000	88.40859179
1284.00000000	88.71756689
1286.00000000	88.34562800
1288.00000000	88.49862009
1290.00000000	88.29372376
1292.00000000	88.29549915
1294.00000000	88.25246035
1296.00000000	88.51246480
1298.00000000	88.59307027
1300.00000000	88.63866324
1302.00000000	88.28245148
1304.00000000	88.41266744
1306.00000000	88.39528149
1308.00000000	88.56486551
1310.00000000	88.45375998
1312.00000000	88.58634788
1314.00000000	88.82376591
1316.00000000	88.21552679
1318.00000000	88.54671932
1320.00000000	88.60549872
1322.00000000	88.37828219
1324.00000000	88.57685792
1326.00000000	88.57540224
1328.00000000	88.38413650
1330.00000000	88.46532767
1332.00000000	88.60310775
1334.00000000	88.55289806
1336.00000000	88.26569996
1338.00000000	88.53306396
1340.00000000	88.51599346
1342.00000000	88.64391388
1344.00000000	88.51148676
1346.00000000	88.64405549
1348.00000000	88.30962584
1350.00000000	88.40787573
1352.00000000	88.40187853
1354.00000000	88.57876309
1356.00000000	88.62308392
1358.00000000	88.76816978
1360.00000000	89.11791491
1362.00000000	88.91990893
1364.00000000	89.14838036
1366.00000000	89.29040778
1368.00000000	89.26521309
1370.00000000	89.44474789
1372.00000000	89.80842906
1374.00000000	90.02267244
1376.00000000	90.56224378
1378.00000000	91.07168616
1380.00000000	91.58406578
1382.00000000	92.37555819
1384.00000000	93.29927334
1386.00000000	94.02655079
1388.00000000	95.01249965
1390.00000000	96.18631438
1392.00000000	97.85910812
1394.00000000	99.41887385
1396.00000000	101.38726563
1398.00000000	103.69096422
1400.00000000	106.34037140
1402.00000000	109.02320687
1404.00000000	112.03530245
1406.00000000	115.55430519
1408.00000000	119.09099166
1410.00000000	123.04475237
1412.00000000	127.12344756
1414.00000000	131.54942868
1416.00000000	136.37556155
1418.00000000	141.28970458
1420.00000000	146.33339965
1422.00000000	151.72747688
1424.00000000	156.54607605
1426.00000000	161.82415345
1428.00000000	167.22677783
1430.00000000	172.13036979
1432.00000000	177.04021238
1434.00000000	181.43920768
1436.00000000	185.63167580
1438.00000000	189.50156621
1440.00000000	193.02583920
1442.00000000	195.41984527
1444.00000000	197.97156143
1446.00000000	199.38786042
1448.00000000	200.57921966
1450.00000000	200.65211304
1452.00000000	200.44365140
1454.00000000	199.56726897
1456.00000000	198.08068879
1458.00000000	195.67766798
1460.00000000	192.75878945
1462.00000000	189.47597678
1464.00000000	185.62322758
1466.00000000	181.65563740
1468.00000000	177.15180238
1470.00000000	172.28428556
1472.00000000	167.43931049
1474.00000000	162.29221158
1476.00000000	157.10895625
1478.00000000	151.91928866
1480.00000000	146.58226787
1482.00000000	141.53305667
1484.00000000	136.90468779
1486.00000000	132.35909598
1488.00000000	127.70746009
1490.00000000	123.36867116
1492.00000000	119.77938208
1494.00000000	115.86001588
1496.00000000	112.61096843
1498.00000000	109.49591202
1500.00000000	106.91587005
1502.00000000	104.29640955
1504.00000000	101.98562756
1506.00000000	100.02382748
1508.00000000	98.61536183
1510.00000000	97.21944212
1512.00000000	95.99008042
1514.00000000	94.77698645
1516.00000000	93.90135240
1518.00000000	93.10901752
1520.00000000	92.35390443
1522.00000000	91.77845243
1524.00000000	91.46028637
1526.00000000	91.20861564
1528.00000000	90.63565344
1530.00000000	90.29315398
1532.00000000	90.36906056
1534.00000000	90.12891707
1536.00000000	90.07546776
1538.00000000	89.88519570
1540.00000000	90.14608332
1542.00000000	89.56928651
1544.00000000	89.74618449
1546.00000000	89.67451202
1548.00000000	89.81700128
1550.00000000	89.62459197
1552.00000000	89.66027139
1554.00000000	89.63185937
1556.00000000	89.78213165
1558.00000000	89.81684761
1560.00000000	89.57158991
1562.00000000	89.62505447
1564.00000000	89.79958886
1566.00000000	89.87982324
1568.00000000	89.92843118
1570.00000000	89.88041120
1572.00000000	89.87744745
1574.00000000	89.96147694
1576.00000000	89.96220171
1578.00000000	90.00582935
1580.00000000	90.18563797
1582.00000000	90.24307744
1584.00000000	90.22600908
1586.00000000	90.44640078
1588.00000000	90.74639196
1590.00000000	90.92113439
1592.00000000	91.14036480
1594.00000000	91.55213460
1596.00000000	91.69298884
1598.00000000	92.13031433
1600.00000000	92.75332310
1602.00000000	93.68769226
1604.00000000	94.61551993
1606.00000000	95.58303174
1608.00000000	96.90416117
1610.00000000	98.45792688
1612.00000000	100.03622029
1614.00000000	102.12426575
1616.00000000	104.61930371
1618.00000000	106.95602396
1620.00000000	109.89255020
1622.00000000	112.96190990
1624.00000000	116.16399780
1626.00000000	119.77754648
1628.00000000	123.05525874
1630.00000000	126.84542626
1632.00000000	130.83850523
1634.00000000	134.04832238
1636.00000000	137.72036712
1638.00000000	140.71443787
1640.00000000	143.51261090
1642.00000000	146.03696321
1644.00000000	148.00031513
1646.00000000	149.54917345
1648.00000000	150.38049940
1650.00000000	150.86036230
1652.00000000	150.67396062
1654.00000000	149.97064912
1656.00000000	148.28989651
1658.00000000	146.19251156
1660.00000000	144.00317443
1662.00000000	141.08149676
1664.00000000	137.93232879
1666.00000000	134.75626620
1668.00000000	130.91116004
1670.00000000	127.56083497
1672.00000000	123.69239656
1674.00000000	120.45017386
1676.00000000	116.99847729
1678.00000000	113.78430031
1680.00000000	110.96488348
1682.00000000	107.84798198
1684.00000000	105.34976829
1686.00000000	103.35555105
1688.00000000	101.22298615
1690.00000000	99.67414806
1692.00000000	98.10994889
1694.00000000	96.83494516
1696.00000000	95.78920912
1698.00000000	94.96845864
1700.00000000	94.28786977
1702.00000000	93.62693810
1704.00000000	93.16615488
1706.00000000	92.90783402
1708.00000000	92.57942934
1710.00000000	92.37217954
1712.00000000	92.22297788
1714.00000000	92.19405492
1716.00000000	92.10981337
1718.00000000	92.27588625
1720.00000000	92.02554915
1722.00000000	92.00566293
1724.00000000	92.09834873
1726.00000000	92.20569925
1728.00000000	92.14010058
1730.00000000	92.10844887
1732.00000000	92.10747261
1734.00000000	92.15612698
1736.00000000	92.34763533
1738.00000000	92.14780468
1740.00000000	92.48622559
1742.00000000	92.36677874
1744.00000000	92.32417939
1746.00000000	92.29522902
1748.00000000	92.53852600
1750.00000000	92.58706882
1752.00000000	92.62956945
1754.00000000	92.54411364
1756.00000000	92.67823291
1758.00000000	92.60105933
1760.00000000	92.61199919
1762.00000000	92.77536630
1764.00000000	92.55234731
1766.00000000	92.84608358
1768.00000000	92.98768646
1770.00000000	92.90563775
1772.00000000	93.02846291
1774.00000000	92.89600123
1776.00000000	92.93981219
1778.00000000	92.94660465
1780.00000000	93.03062392
1782.00000000	92.95985130
1784.00000000	93.08596070
1786.00000000	92.95177815
1788.00000000	93.10796524
1790.00000000	93.30468641
1792.00000000	93.16451545
1794.00000000	93.34376340
1796.00000000	93.23291601
1798.00000000	93.45849336
1800.00000000	93.44300150
1802.00000000	93.42982084
1804.00000000	93.43612839
1806.00000000	93.51577650
1808.00000000	93.55755391
1810.00000000	93.62637190
1812.00000000	93.60388122
1814.00000000	93.68458570
1816.00000000	94.12883569
1818.00000000	93.66015069
1820.00000000	93.95402745
1822.00000000	94.16213447
1824.00000000	93.86663280
1826.00000000	94.00953747
1828.00000000	94.13002085
1830.00000000	94.16905026
1832.00000000	93.95350660
1834.00000000	94.01196099
1836.00000000	93.97858541
1838.00000000	94.19399146
1840.00000000	94.38458708
1842.00000000	94.23499979
1844.00000000	94.27242235
1846.00000000	94.23355523
1848.00000000	94.44010641
1850.00000000	94.31453794
1852.00000000	94.73497350
1854.00000000	94.64884119
1856.00000000	94.57942723
1858.00000000	94.73745221
1860.00000000	94.60940834
1862.00000000	94.77208846
1864.00000000	94.86344910
1866.00000000	94.72818212
1868.00000000	94.66892705
1870.00000000	95.07311657
1872.00000000	95.04067270
1874.00000000	94.83665628
1876.00000000	95.13299313
1878.00000000	95.19783687
1880.00000000	95.18963665
1882.00000000	95.15558053
1884.00000000	95.07558762
1886.00000000	95.45593225
1888.00000000	95.29465969
1890.00000000	95.45073303
1892.00000000	95.53005579
1894.00000000	95.46001283
1896.00000000	95.56519950
1898.00000000	95.41443074
1900.00000000	95.61581079
1902.00000000	95.77366484
1904.00000000	95.72938563
1906.00000000	95.77694586
1908.00000000	95.76115384
1910.00000000	95.63602206
1912.00000000	95.90029333
1914.00000000	96.14678015
1916.00000000	95.86101422
1918.00000000	95.84541177
1920.00000000	96.18565676
1922.00000000	96.16989704
1924.00000000	96.31004676
1926.00000000	96.10733747
1928.00000000	96.24338064
1930.00000000	96.20870529
1932.00000000	96.49547809
1934.00000000	96.42095423
1936.00000000	96.51648455
1938.00000000	96.47608794
1940.00000000	96.64317605
1942.00000000	96.49569289
1944.00000000	96.74417260
1946.00000000	96.63087532
1948.00000000	96.68146049
1950.00000000	96.92988614
1952.00000000	96.78613003
1954.00000000	96.86615510
1956.00000000	96.64052617
1958.00000000	96.87790903
1960.00000000	97.03905309
1962.00000000	97.15605639
1964.00000000	97.26168190
1966.00000000	97.16633897
1968.00000000	97.16048063
1970.00000000	97.38229818
1972.00000000	97.36006762
1974.00000000	97.41195369
1976.00000000	97.40005975
1978.00000000	97.37806619
1980.00000000	97.38675131
1982.00000000	97.68262675
1984.00000000	97.78924422
1986.00000000	97.68073172
1988.00000000	97.77338814
1990.00000000	97.91626760
1992.00000000	97.92596186
1994.00000000	98.05158689
1996.00000000	98.01547756
1998.00000000	98.01223612
2000.00000000	98.08513398
2002.00000000	97.83364346
2004.00000000	98.26988810
2006.00000000	98.25191527
2008.00000000	98.33857443
2010.00000000	98.22992126
2012.00000000	98.21897756
2014.00000000	98.37463106
2016.00000000	98.53338844
2018.00000000	98.52363269
2020.00000000	98.27064397
2022.00000000	98.61520696
2024.00000000	98.60470890
2026.00000000	98.51860536
2028.00000000	98.70407690
2030.00000000	98.71123947
2032.00000000	98.90162175
2034.00000000	98.87240974
2036.00000000	98.96969897
2038.00000000	99.09316240
2040.00000000	99.18652742
2042.00000000	99.25104953
2044.00000000	99.31008785
2046.00000000	99.33504487
2048.00000000	99.39409249
2050.00000000	99.24400294
2052.00000000	99.44087730
2054.00000000	99.51331048
2056.00000000	99.54583522
2058.00000000	99.66764595
2060.00000000	99.61476496
2062.00000000	99.72317810
2064.00000000	99.71596390
2066.00000000	99.68025568
2068.00000000	99.81194090
2070.00000000	100.03444605
2072.00000000	99.99770861
2074.00000000	99.90559047
2076.00000000	100.08514289
2078.00000000	100.04243116
2080.00000000	100.12084350
2082.00000000	99.99183525
2084.00000000	100.27085576
2086.00000000	100.50729162
2088.00000000	100.30962802
2090.00000000	100.46667471
2092.00000000	100.59438775
2094.00000000	100.77326761
2096.00000000	100.54194322
2098.00000000	100.36328380
2100.00000000	100.98700737
2102.00000000	100.88233957
2104.00000000	100.87575839
2106.00000000	100.98144668
2108.00000000	101.08297808
2110.00000000	101.05612119
2112.00000000	101.27796651
2114.00000000	101.19751243
2116.00000000	101.46767545
2118.00000000	101.62980760
2120.00000000	101.86547057
2122.00000000	101.78107032
2124.00000000	101.94995248
2126.00000000	102.16191810
2128.00000000	102.44959499
2130.00000000	102.59481978
2132.00000000	102.45417918
2134.00000000	102.77600238
2136.00000000	103.43996016
2138.00000000	103.48254231
2140.00000000	103.79242219
2142.00000000	104.20463548
2144.00000000	104.53335277
2146.00000000	105.01567044
2148.00000000	105.62025541
2150.00000000	106.00156301
2152.00000000	106.53768323
2154.00000000	107.11161097
2156.00000000	107.73808142
2158.00000000	108.51910811
2160.00000000	109.28002771
2162.00000000	110.20073737
2164.00000000	111.30638225
2166.00000000	112.21594971
2168.00000000	113.77185623
2170.00000000	114.73441435
2172.00000000	116.07437169
2174.00000000	117.62036433
2176.00000000	118.95624446
2178.00000000	120.55835974
2180.00000000	122.14522383
2182.00000000	124.19854027
2184.00000000	125.89681700
2186.00000000	127.97695457
2188.00000000	130.09493385
2190.00000000	132.07287286
2192.00000000	134.45531852
2194.00000000	136.73785566
2196.00000000	139.43830930
2198.00000000	142.00304619
2200.00000000	144.41026303
2202.00000000	147.21106247
2204.00000000	149.86495455
2206.00000000	152.87351673
2208.00000000	155.42971985
2210.00000000	158.26639954
2212.00000000	161.02814912
2214.00000000	163.86229849
2216.00000000	166.45512019
2218.00000000	169.30082297
2220.00000000	171.76718894
2222.00000000	174.28381742
2224.00000000	176.79383010
2226.00000000	179.22592554
2228.00000000	181.45267097
2230.00000000	183.64039217
2232.00000000	185.58769144
2234.00000000	187.36389455
2236.00000000	189.00499783
2238.00000000	190.25177285
2240.00000000	191.66114134
2242.00000000	192.72388115
2244.00000000	193.17451698
2246.00000000	194.19716986
2248.00000000	194.66808262
2250.00000000	194.57912761
2252.00000000	194.57934513
2254.00000000	194.40434188
2256.00000000	193.59510693
2258.00000000	192.92531095
2260.00000000	192.25754106
2262.00000000	191.20736778
2264.00000000	189.60108471
2266.00000000	188.22857811
2268.00000000	186.40678852
2270.00000000	184.72325287
2272.00000000	182.64881312
2274.00000000	180.37587919
2276.00000000	178.02571429
2278.00000000	175.77223831
2280.00000000	173.33986217
2282.00000000	171.05698053
2284.00000000	167.91484303
2286.00000000	165.42113214
2288.00000000	162.87931255
2290.00000000	160.16529013
2292.00000000	157.54817389
2294.00000000	154.81748463
2296.00000000	152.34583188
2298.00000000	149.71374416
2300.00000000	147.35535853
2302.00000000	144.69852090
2304.00000000	142.30208519
2306.00000000	139.89116167
2308.00000000	137.62165482
2310.00000000	135.42016205
2312.00000000	133.50703078
2314.00000000	131.18783554
2316.00000000	129.31651321
2318.00000000	127.57787047
2320.00000000	125.94284748
2322.00000000	124.39254349
2324.00000000	122.82278948
2326.00000000	121.26016849
2328.00000000	120.17418405
2330.00000000	118.82407898
2332.00000000	117.78078524
2334.00000000	116.47267154
2336.00000000	115.80884035
2338.00000000	114.73473552
2340.00000000	114.02947874
2342.00000000	113.24066131
2344.00000000	112.58456158
2346.00000000	111.96531898
2348.00000000	111.69454514
2350.00000000	110.99653432
2352.00000000	110.50153551
2354.00000000	110.26549935
2356.00000000	109.98194871
2358.00000000	109.66637312
2360.00000000	109.45293817
2362.00000000	109.20892934
2364.00000000	109.11112630
2366.00000000	108.88479820
2368.00000000	108.64972519
2370.00000000	108.51964329
2372.00000000	108.45676160
2374.00000000	108.40532503
2376.00000000	108.30909227
2378.00000000	108.13656732
2380.00000000	108.33663762
2382.00000000	108.44468075
2384.00000000	108.21405228
2386.00000000	108.37690733
2388.00000000	108.29827220
2390.00000000	108.30639987
2392.00000000	108.37133912
2394.00000000	108.37999399
2396.00000000	108.25306897
2398.00000000	108.67381120
2400.00000000	108.22595083
2402.00000000	108.50755953
2404.00000000	108.60071031
2406.00000000	108.52388953
2408.00000000	108.54388630
2410.00000000	108.59157117
2412.00000000	108.69354357
2414.00000000	108.70557771
2416.00000000	108.64861844
2418.00000000	108.70726321
2420.00000000	108.75482670
2422.00000000	108.87106997
2424.00000000	108.80299108
2426.00000000	108.68611787
2428.00000000	109.08964383
2430.00000000	108.91795721
2432.00000000	109.16420868
2434.00000000	109.01459439
2436.00000000	109.08628661
2438.00000000	109.22466291
2440.00000000	109.31578757
2442.00000000	109.05223361
2444.00000000	109.10113977
2446.00000000	109.30535791
2448.00000000	109.42575556
2450.00000000	109.30025862
2452.00000000	109.21789030
2454.00000000	109.44598733
2456.00000000	109.59355016
2458.00000000	109.52925568
2460.00000000	109.62090307
2462.00000000	109.82361476
2464.00000000	109.69913598
2466.00000000	109.76489296
2468.00000000	109.98519551
2470.00000000	109.71137883
2472.00000000	109.63658349
2474.00000000	110.00372785
2476.00000000	109.89057689
2478.00000000	109.90074114
2480.00000000	109.77505569
2482.00000000	110.20171466
2484.00000000	109.96468973
2486.00000000	110.19143715
2488.00000000	110.16142367
2490.00000000	110.08585253
2492.00000000	110.23569912
2494.00000000	110.21743578
2496.00000000	110.37892400
2498.00000000	110.47034504
2500.00000000	110.35548920
2502.00000000	110.31389206
2504.00000000	110.51715845
2506.00000000	110.46393895
2508.00000000	110.84860563
2510.00000000	110.58265470
2512.00000000	110.34581101
2514.00000000	110.50849523
2516.00000000	110.75494830
2518.00000000	110.77682660
2520.00000000	110.78797568
2522.00000000	110.70182320
2524.00000000	110.80533327
2526.00000000	110.56115841
2528.00000000	110.79738095
2530.00000000	110.87648084
2532.00000000	110.97756688
2534.00000000	110.69468094
2536.00000000	111.09373667
2538.00000000	111.07031806
2540.00000000	111.02868171
2542.00000000	111.11865849
2544.00000000	111.18012920
2546.00000000	111.12628439
2548.00000000	111.09107099
2550.00000000	111.43881425
2552.00000000	111.15822248
2554.00000000	111.22491636
2556.00000000	111.68160140
2558.00000000	111.59008404
2560.00000000	111.64859913
2562.00000000	111.55463041
2564.00000000	111.58084357
2566.00000000	111.66358011
2568.00000000	111.54701029
2570.00000000	111.65175769
2572.00000000	111.78755795
2574.00000000	111.70143037
2576.00000000	111.54169465
2578.00000000	111.72582206
2580.00000000	111.81203436
2582.00000000	111.71354438
2584.00000000	111.70389404
2586.00000000	111.97983174
2588.00000000	111.78871560
2590.00000000	111.72876120
2592.00000000	111.88453426
2594.00000000	112.13074733
2596.00000000	111.92705188
2598.00000000	112.01980012
2600.00000000	112.04556707
2602.00000000	112.16067285
2604.00000000	112.17205607
2606.00000000	112.16234011
2608.00000000	112.23537735
2610.00000000	112.17296595
2612.00000000	112.27510086
2614.00000000	112.26115622
2616.00000000	112.56594134
2618.00000000	112.16425119
2620.00000000	112.34234170
2622.00000000	112.39156556
2624.00000000	112.46091261
2626.00000000	112.62855553
2628.00000000	112.65785594
2630.00000000	112.48592607
2632.00000000	112.67925324
2634.00000000	112.69665697
2636.00000000	112.73019613
2638.00000000	112.54965331
2640.00000000	112.66829774
2642.00000000	112.64951086
2644.00000000	112.63256398
2646.00000000	112.78320860
2648.00000000	112.83428521
2650.00000000	112.85209530
2652.00000000	112.76740622
2654.00000000	112.87153761
2656.00000000	112.80424998
2658.00000000	112.91898412
2660.00000000	113.05515321
2662.00000000	112.96884520
2664.00000000	112.98073281
2666.00000000	112.99283245
2668.00000000	113.05251977
2670.00000000	112.94672631
2672.00000000	113.16332663
2674.00000000	113.28814320
2676.00000000	112.96847894
2678.00000000	113.18043909
2680.00000000	113.21787792
2682.00000000	113.21174435
2684.00000000	113.17389757
2686.00000000	113.42536510
2688.00000000	113.41057944
2690.00000000	113.16144616
2692.00000000	113.19757647
2694.00000000	113.05608136
2696.00000000	113.42054775
2698.00000000	113.38692218
2700.00000000	113.37384157
2702.00000000	113.48292286
2704.00000000	113.46097639
2706.00000000	113.33514369
2708.00000000	113.46618411
2710.00000000	113.47633165
2712.00000000	113.53477798
2714.00000000	113.78800877
2716.00000000	113.81649405
2718.00000000	113.77303406
2720.00000000	113.71715367
2722.00000000	113.57990513
2724.00000000	113.80680872
2726.00000000	113.64338405
2728.00000000	113.91532035
2730.00000000	113.96000699
2732.00000000	113.88232019
2734.00000000	113.68623654
2736.00000000	113.77366930
2738.00000000	114.01562735
2740.00000000	114.20549589
2742.00000000	114.40639277
2744.00000000	114.18464802
2746.00000000	114.28813632
2748.00000000	114.26358058
2750.00000000	114.34672192
2752.00000000	114.32326560
2754.00000000	114.77309876
2756.00000000	114.49631694
2758.00000000	114.75470667
2760.00000000	114.85536341
2762.00000000	115.20386635
2764.00000000	115.19531133
2766.00000000	115.50414017
2768.00000000	115.44906381
2770.00000000	115.79186213
2772.00000000	116.20260717
2774.00000000	116.47299832
2776.00000000	116.60459091
2778.00000000	116.82023120
2780.00000000	117.11711596
2782.00000000	117.31773472
2784.00000000	117.66182643
2786.00000000	117.97446622
2788.00000000	118.32962374
2790.00000000	118.93701176
2792.00000000	119.26497716
2794.00000000	119.79343053
2796.00000000	120.54344143
2798.00000000	120.95386920
2800.00000000	121.65992225
2802.00000000	122.37285829
2804.00000000	123.08167004
2806.00000000	123.67457580
2808.00000000	124.43003219
2810.00000000	125.44952682
2812.00000000	126.37661348
2814.00000000	127.16853570
2816.00000000	128.31381928
2818.00000000	129.60407322
2820.00000000	130.39479070
2822.00000000	131.79294633
2824.00000000	132.97755696
2826.00000000	134.45295586
2828.00000000	135.85310475
2830.00000000	137.55093312
2832.00000000	139.04203601
2834.00000000	140.54685568
2836.00000000	142.15641740
2838.00000000	144.16544850
2840.00000000	145.91426063
2842.00000000	147.70502883
2844.00000000	149.78120182
2846.00000000	152.09197552
2848.00000000	153.83703014
2850.00000000	156.04121777
2852.00000000	158.47304788
2854.00000000	160.75711245
2856.00000000	163.19120651
2858.00000000	165.57302495
2860.00000000	167.90253101
2862.00000000	170.35395396
2864.00000000	172.88616504
2866.00000000	175.76772766
2868.00000000	178.20376434
2870.00000000	180.88959385
2872.00000000	183.45085117
2874.00000000	186.30537023
2876.00000000	188.79173980
2878.00000000	191.30232698
2880.00000000	193.92192673
2882.00000000	196.60824533
2884.00000000	199.14375756
2886.00000000	201.94873512
2888.00000000	204.33874370
2890.00000000	206.92333689
2892.00000000	209.26835109
2894.00000000	211.48226600
2896.00000000	214.04419557
2898.00000000	215.94106730
2900.00000000	217.92879977
2902.00000000	220.08469149
2904.00000000	221.96260355
2906.00000000	223.91301495
2908.00000000	225.72742641
2910.00000000	226.93109077
2912.00000000	228.44853604
2914.00000000	229.65411533
2916.00000000	230.81032493
2918.00000000	232.09881227
2920.00000000	232.81811907
2922.00000000	233.52934100
2924.00000000	234.00003201
2926.00000000	234.51354126
2928.00000000	234.88196375
2930.00000000	234.85042379
2932.00000000	234.76904302
2934.00000000	234.32232944
2936.00000000	234.27888651
2938.00000000	233.43673533
2940.00000000	232.67786986
2942.00000000	231.96631647
2944.00000000	231.06853810
2946.00000000	229.81339461
2948.00000000	228.67701635
2950.00000000	227.05579041
2952.00000000	225.54485984
2954.00000000	223.96699517
2956.00000000	222.22313899
2958.00000000	220.13481441
2960.00000000	218.28231785
2962.00000000	216.16043322
2964.00000000	213.77080596
2966.00000000	211.56636674
2968.00000000	209.39620195
2970.00000000	206.78366687
2972.00000000	204.27894521
2974.00000000	202.08856786
2976.00000000	199.43010176
2978.00000000	196.80321207
2980.00000000	194.37686787
2982.00000000	191.63892433
2984.00000000	189.13585694
2986.00000000	186.16802021
2988.00000000	183.77026856
2990.00000000	181.11116140
2992.00000000	178.39795180
2994.00000000	175.70519715
2996.00000000	173.27382560
2998.00000000	170.77759086
3000.00000000	168.16323980
3002.00000000	165.62429545
3004.00000000	163.20729625
3006.00000000	160.89342241
3008.00000000	158.59463197
3010.00000000	156.46672087
3012.00000000	154.58801188
3014.00000000	152.17406028
3016.00000000	150.14276027
3018.00000000	148.23657786
3020.00000000	146.23738955
3022.00000000	144.23196136
3024.00000000	142.74372108
3026.00000000	140.99383102
3028.00000000	139.55635373
3030.00000000	137.76663010
3032.00000000	136.36088991
3034.00000000	135.01350484
3036.00000000	133.57139179
3038.00000000	132.31327963
3040.00000000	130.94388803
3042.00000000	129.96580299
3044.00000000	128.70625034
3046.00000000	127.77565698
3048.00000000	126.58198703
3050.00000000	125.90224612
3052.00000000	125.31422445
3054.00000000	124.24895856
3056.00000000	123.65199653
3058.00000000	122.70647412
3060.00000000	122.21705312
3062.00000000	121.49183716
3064.00000000	120.97485993
3066.00000000	120.17626690
3068.00000000	119.93538688
3070.00000000	119.52240692
3072.00000000	119.13846714
3074.00000000	118.61756781
3076.00000000	118.27424465
3078.00000000	117.86702303
3080.00000000	117.61746910
3082.00000000	117.09451795
3084.00000000	117.32063656
3086.00000000	116.99345210
3088.00000000	116.66361524
3090.00000000	116.43668859
3092.00000000	116.13628210
3094.00000000	116.10638309
3096.00000000	115.96829511
3098.00000000	115.89418357
3100.00000000	115.84228071
3102.00000000	115.40208576
3104.00000000	115.39894536
3106.00000000	115.57867283
3108.00000000	115.23341325
3110.00000000	115.38817603
3112.00000000	114.81053145
3114.00000000	115.22189899
3116.00000000	114.75929889
3118.00000000	114.76515473
3120.00000000	115.04165063
3122.00000000	114.81913331
3124.00000000	114.89417380
3126.00000000	114.77648538
3128.00000000	114.71125921
3130.00000000	114.76383145
3132.00000000	115.02613829
3134.00000000	114.66437434
3136.00000000	114.69298993
3138.00000000	114.79106558
3140.00000000	114.69625500
3142.00000000	114.69534933
3144.00000000	114.69299268
3146.00000000	114.81809567
3148.00000000	114.50821653
3150.00000000	114.76996523
3152.00000000	114.73805967
3154.00000000	114.61974887
3156.00000000	114.57109014
3158.00000000	114.75127483
3160.00000000	114.51137549
3162.00000000	114.49452940
3164.00000000	114.50275939
3166.00000000	114.61149231
3168.00000000	114.46899876
3170.00000000	114.58041033
3172.00000000	114.66360007
3174.00000000	114.29033095
3176.00000000	114.54183613
3178.00000000	114.54533211
3180.00000000	114.65861801
3182.00000000	114.47770395
3184.00000000	114.60644300
3186.00000000	114.51371879
3188.00000000	114.40750724
3190.00000000	114.44496744
3192.00000000	114.61499118
3194.00000000	114.58248270
3196.00000000	114.54647007
3198.00000000	114.49827771
3200.00000000	114.41264940
3202.00000000	114.64823153
3204.00000000	114.74442995
3206.00000000	114.67485247
3208.00000000	114.65220297
3210.00000000	114.40885098
3212.00000000	114.40560930
3214.00000000	114.17912140
3216.00000000	114.66216512
3218.00000000	114.25743059
3220.00000000	114.32806423
3222.00000000	114.34415600
3224.00000000	114.33684089
3226.00000000	114.41267999
3228.00000000	114.34574111
3230.00000000	114.49850374
3232.00000000	114.39094878
3234.00000000	114.38789869
3236.00000000	114.39748967
3238.00000000	114.51057575
3240.00000000	114.46188711
3242.00000000	114.45463853
3244.00000000	114.30977680
3246.00000000	114.37511067
3248.00000000	114.32458111
3250.00000000	114.34441710
3252.00000000	114.44085152
3254.00000000	114.35254480
3256.00000000	114.29280698
3258.00000000	114.21095390
3260.00000000	114.25341441
3262.00000000	114.55091776
3264.00000000	114.27235502
3266.00000000	114.45855503
3268.00000000	114.01330339
3270.00000000	114.31335951
3272.00000000	114.29185720
3274.00000000	114.34919030
3276.00000000	114.35101570
3278.00000000	114.21416018
3280.00000000	114.31536070
3282.00000000	114.14861246
3284.00000000	114.28804515
3286.00000000	114.27897286
3288.00000000	114.02593204
3290.00000000	114.40628491
3292.00000000	114.25126847
3294.00000000	114.09866657
3296.00000000	114.13142739
3298.00000000	114.37919963
3300.00000000	114.13380485
