500.00000000	86.90874996
502.00000000	87.11593342
504.00000000	86.86493278
506.00000000	86.78419850
508.00000000	86.99008168
510.00000000	87.13180621
512.00000000	87.12747992
514.00000000	87.08908793
516.00000000	87.21681125
518.00000000	86.99735647
520.00000000	87.06361618
522.00000000	87.15454784
524.00000000	87.08595987
526.00000000	87.39846550
528.00000000	87.32708537
530.00000000	87.62787867
532.00000000	87.26191695
534.00000000	87.41280948
536.00000000	87.41284361
538.00000000	87.27977155
540.00000000	87.57611666
542.00000000	87.48412374
544.00000000	87.55252552
546.00000000	87.58371789
548.00000000	87.37807299
550.00000000	87.64527674
552.00000000	87.61033570
554.00000000	87.41390980
556.00000000	87.86573873
558.00000000	87.73574290
560.00000000	87.69045688
562.00000000	87.72420545
564.00000000	87.74881151
566.00000000	87.84862474
568.00000000	87.85312693
570.00000000	87.81406505
572.00000000	87.84288260
574.00000000	87.97948583
576.00000000	87.75572270
578.00000000	87.68819704
580.00000000	87.95340137
582.00000000	87.91602696
584.00000000	88.01010125
586.00000000	87.95645238
588.00000000	88.06040122
590.00000000	88.04547912
592.00000000	88.00828575
594.00000000	88.03404484
596.00000000	87.94677213
598.00000000	88.14348789
600.00000000	88.07722026
602.00000000	88.08676710
604.00000000	88.05104286
606.00000000	88.13746695
608.00000000	88.30579363
610.00000000	88.21395817
612.00000000	88.06794435
614.00000000	88.41749645
616.00000000	88.09032429
618.00000000	88.32674430
620.00000000	88.47733938
622.00000000	88.25465382
624.00000000	88.42402552
626.00000000	88.16157279
628.00000000	88.29841240
630.00000000	88.22158680
632.00000000	88.22140149
634.00000000	88.53919857
636.00000000	88.62225203
638.00000000	88.46726782
640.00000000	88.41751000
642.00000000	88.49226731
644.00000000	88.61563697
646.00000000	88.29986966
648.00000000	88.38847127
650.00000000	88.44812678
652.00000000	88.57632323
654.00000000	88.84631414
656.00000000	88.56998478
658.00000000	88.55332514
660.00000000	88.55018704
662.00000000	88.69132584
664.00000000	88.58664141
666.00000000	88.55624684
668.00000000	88.73394452
670.00000000	88.72229630
672.00000000	88.84749818
674.00000000	88.69737265
676.00000000	88.81491853
678.00000000	88.83336134
680.00000000	88.65475368
682.00000000	88.90554828
684.00000000	89.18476016
686.00000000	89.33549967
688.00000000	89.61995695
690.00000000	90.09974834
692.00000000	90.62175013
694.00000000	91.58257791
696.00000000	92.73246130
698.00000000	94.36791223
700.00000000	96.77372462
702.00000000	99.47521769
704.00000000	102.53220302
706.00000000	106.71725775
708.00000000	111.61850998
710.00000000	116.87068803
712.00000000	123.05320988
714.00000000	129.57594786
716.00000000	136.24492429
718.00000000	142.59363822
720.00000000	149.46070805
722.00000000	155.30612037
724.00000000	160.07146226
726.00000000	163.90687012
728.00000000	166.33450326
730.00000000	166.97219149
732.00000000	166.10847390
734.00000000	163.77518927
736.00000000	159.93011972
738.00000000	155.23537477
740.00000000	149.27754558
742.00000000	142.78328044
744.00000000	136.32743375
746.00000000	129.63105810
748.00000000	122.89045620
750.00000000	117.11809931
752.00000000	111.77567780
754.00000000	107.27597993
756.00000000	103.00760539
758.00000000	99.50214489
760.00000000	97.05298614
762.00000000	94.81970556
764.00000000	93.26241640
766.00000000	92.11347809
768.00000000	91.16535897
770.00000000	90.36472323
772.00000000	89.84183169
774.00000000	89.77092802
776.00000000	89.39036704
778.00000000	89.24843794
780.00000000	89.30811256
782.00000000	89.22257553
784.00000000	88.97498011
786.00000000	89.22037776
788.00000000	89.08075152
790.00000000	89.26671024
792.00000000	89.07281939
794.00000000	88.93017970
796.00000000	89.02458162
798.00000000	89.09055086
800.00000000	89.16910922
802.00000000	88.99490242
804.00000000	89.28499741
806.00000000	89.24166216
808.00000000	88.95345715
810.00000000	89.14524423
812.00000000	89.06048468
814.00000000	89.17599469
816.00000000	89.13193463
818.00000000	88.92306900
820.00000000	89.08568951
822.00000000	89.13932150
824.00000000	88.99856481
826.00000000	89.29383064
828.00000000	89.13114990
830.00000000	89.10722022
832.00000000	89.39920353
834.00000000	89.10360697
836.00000000	89.09316583
838.00000000	89.23108687
840.00000000	89.14956962
842.00000000	89.17691535
844.00000000	89.25643123
846.00000000	89.23400770
848.00000000	89.24691800
850.00000000	89.12359744
852.00000000	89.03257477
854.00000000	89.26465379
856.00000000	89.34209161
858.00000000	89.53226845
860.00000000	88.97351124
862.00000000	89.04520133
864.00000000	89.12143650
866.00000000	89.26197518
868.00000000	89.40380423
870.00000000	89.22698456
872.00000000	89.09035915
874.00000000	89.11211172
876.00000000	89.20188276
878.00000000	89.18703177
880.00000000	89.03726158
882.00000000	89.49006527
884.00000000	89.28746421
886.00000000	88.96710071
888.00000000	89.21821260
890.00000000	89.09400086
892.00000000	89.18702505
894.00000000	89.11442432
896.00000000	89.11422866
898.00000000	89.13337313
900.00000000	89.05401343
902.00000000	89.27623340
904.00000000	89.20377557
906.00000000	89.22712496
908.00000000	89.39096637
910.00000000	89.35911892
912.00000000	89.32411785
914.00000000	89.07435189
916.00000000	89.30186172
918.00000000	89.14509078
920.00000000	89.15318354
922.00000000	89.41417931
924.00000000	89.14567294
926.00000000	89.45622907
928.00000000	89.67449476
930.00000000	89.73138974
932.00000000	89.93227651
934.00000000	90.30589793
936.00000000	90.36105290
938.00000000	90.92846507
940.00000000	91.34153899
942.00000000	92.16099063
944.00000000	92.75568600
946.00000000	93.85770257
948.00000000	94.98398731
950.00000000	96.20376246
952.00000000	97.91937586
954.00000000	99.98901182
956.00000000	101.90863953
958.00000000	104.41638901
960.00000000	107.29527301
962.00000000	110.41337040
964.00000000	113.98021471
966.00000000	117.90355261
968.00000000	121.88996980
970.00000000	126.68691834
972.00000000	131.49135391
974.00000000	136.27849852
976.00000000	141.31496720
978.00000000	146.50029919
980.00000000	151.97417592
982.00000000	157.07785689
984.00000000	161.86355291
986.00000000	166.42994730
988.00000000	171.07365361
990.00000000	174.64366701
992.00000000	178.12146756
994.00000000	180.36935175
996.00000000	182.40320126
998.00000000	183.59885641
1000.00000000	184.06951028
1002.00000000	183.77050673
1004.00000000	182.52405238
1006.00000000	180.50697525
1008.00000000	177.75685950
1010.00000000	174.92539629
1012.00000000	170.71483456
1014.00000000	166.51113145
1016.00000000	162.02268418
1018.00000000	156.76632479
1020.00000000	152.01860234
1022.00000000	146.49182337
1024.00000000	141.36098301
1026.00000000	136.31878915
1028.00000000	131.30363857
1030.00000000	126.34295962
1032.00000000	121.93058666
1034.00000000	117.68654734
1036.00000000	114.04155365
1038.00000000	110.32635872
1040.00000000	107.12786966
1042.00000000	104.29953463
1044.00000000	101.83173648
1046.00000000	99.53443222
1048.00000000	97.67427128
1050.00000000	96.00115439
1052.00000000	94.68278707
1054.00000000	93.43788242
1056.00000000	92.51839211
1058.00000000	91.92217410
1060.00000000	91.20474922
1062.00000000	90.62015685
1064.00000000	89.81317253
1066.00000000	89.77066353
1068.00000000	89.81114096
1070.00000000	89.18752208
1072.00000000	89.27082762
1074.00000000	89.11354498
1076.00000000	88.94394628
1078.00000000	89.15783346
1080.00000000	88.76380097
1082.00000000	89.09495079
1084.00000000	88.67821419
1086.00000000	88.95812490
1088.00000000	88.83139445
1090.00000000	88.69876666
1092.00000000	88.54613948
1094.00000000	88.71003770
1096.00000000	88.68119053
1098.00000000	88.39621872
1100.00000000	88.54504169
1102.00000000	88.73499990
1104.00000000	88.63319069
1106.00000000	88.64536969
1108.00000000	88.48511861
1110.00000000	88.93082905
1112.00000000	89.13977948
1114.00000000	88.60320895
1116.00000000	88.55409312
1118.00000000	88.61206595
1120.00000000	88.45783877
1122.00000000	88.64756886
1124.00000000	88.51998661
1126.00000000	88.53509173
1128.00000000	88.57039593
1130.00000000	88.75078923
1132.00000000	88.92351542
1134.00000000	88.81508651
1136.00000000	88.62081257
1138.00000000	88.69175886
1140.00000000	88.54963136
1142.00000000	88.62280858
1144.00000000	88.66811080
1146.00000000	88.74830517
1148.00000000	88.59299152
1150.00000000	88.51162273
1152.00000000	88.68937495
1154.00000000	88.85273856
1156.00000000	88.69213629
1158.00000000	88.58712216
1160.00000000	88.62819150
1162.00000000	88.67034733
1164.00000000	88.57244286
1166.00000000	88.44266765
1168.00000000	88.63197966
1170.00000000	88.37468498
1172.00000000	88.85964830
1174.00000000	88.60284486
1176.00000000	88.65988138
1178.00000000	88.73604458
1180.00000000	88.47346621
1182.00000000	88.39187945
1184.00000000	88.79036533
1186.00000000	88.36946634
1188.00000000	88.61045339
1190.00000000	88.52637015
1192.00000000	88.70472982
1194.00000000	88.48421351
1196.00000000	88.48499445
1198.00000000	88.54540214
1200.00000000	88.62705325
1202.00000000	88.37398252
1204.00000000	88.79446216
1206.00000000	88.54802564
1208.00000000	88.46610704
1210.00000000	88.70320347
1212.00000000	88.38045911
1214.00000000	88.59734925
1216.00000000	88.59246519
1218.00000000	88.54608356
1220.00000000	88.62160017
1222.00000000	88.48077657
1224.00000000	88.61020569
1226.00000000	88.39184018
1228.00000000	88.43719194
1230.00000000	88.53568991
1232.00000000	88.40142497
1234.00000000	88.51537569
1236.00000000	88.33488068
1238.00000000	88.41684431
1240.00000000	88.50662741
1242.00000000	88.24813734
1244.00000000	88.43240934
1246.00000000	88.49927660
1248.00000000	88.50050143
1250.00000000	88.38613624
1252.00000000	88.44253024
1254.00000000	88.52906435
1256.00000000	88.24477582
1258.00000000	88.56277859
1260.00000000	88.48016692
1262.00000000	88.47584328
1264.00000000	88.69280601
1266.00000000	88.50059154
1268.00000000	88.25064847
1270.00000000	88.33057660
1272.00000000	88.39006793
1274.00000000	88.48548418
1276.00000000	88.61836636
1278.00000000	88.37536516
1280.00000000	88.45103063
1282.00000000	88.36135803
1284.00000000	88.38141261
1286.00000000	88.44883787
1288.00000000	88.57642130
1290.00000000	88.67774135
1292.00000000	88.42668421
1294.00000000	88.53599701
1296.00000000	88.64766284
1298.00000000	88.51188316
1300.00000000	88.48327624
1302.00000000	88.43091093
1304.00000000	88.32992506
1306.00000000	88.25565402
1308.00000000	88.53690159
1310.00000000	88.55012479
1312.00000000	88.40556704
1314.00000000	88.44742522
1316.00000000	88.29966904
1318.00000000	88.37963211
1320.00000000	88.61859775
1322.00000000	88.33548060
1324.00000000	88.29663757
1326.00000000	88.27378360
1328.00000000	88.41028510
1330.00000000	88.30374471
1332.00000000	88.42473552
1334.00000000	88.42246673
1336.00000000	88.44661138
1338.00000000	88.47866605
1340.00000000	88.52203907
1342.00000000	88.43217857
1344.00000000	88.60613112
1346.00000000	88.35442928
1348.00000000	88.54233705
1350.00000000	88.58053995
1352.00000000	88.64272132
1354.00000000	88.63054460
1356.00000000	89.02538567
1358.00000000	88.54880377
1360.00000000	88.65517054
1362.00000000	88.83453339
1364.00000000	89.00807169
1366.00000000	89.22705691
1368.00000000	89.29216955
1370.00000000	89.83247573
1372.00000000	89.78235190
1374.00000000	90.02062098
1376.00000000	90.75587030
1378.00000000	91.01574032
1380.00000000	91.45217235
1382.00000000	92.25496795
1384.00000000	93.28425354
1386.00000000	94.01409316
1388.00000000	95.20760229
1390.00000000	96.47111381
1392.00000000	97.90840322
1394.00000000	99.56496672
1396.00000000	101.51583245
1398.00000000	103.75998625
1400.00000000	106.40763923
1402.00000000	109.08818385
1404.00000000	112.37175878
1406.00000000	115.21687994
1408.00000000	118.90630785
1410.00000000	123.00880238
1412.00000000	127.01545095
1414.00000000	131.60127630
1416.00000000	136.22015774
1418.00000000	141.10844878
1420.00000000	146.48834251
1422.00000000	151.40895269
1424.00000000	156.78030312
1426.00000000	161.70848229
1428.00000000	166.97531033
1430.00000000	172.30657589
1432.00000000	176.86171442
1434.00000000	181.47310905
1436.00000000	185.57348491
1438.00000000	189.72798574
1440.00000000	192.86069422
1442.00000000	195.74657839
1444.00000000	197.88016691
1446.00000000	199.65094608
1448.00000000	200.64601642
1450.00000000	200.72323221
1452.00000000	200.70015851
1454.00000000	199.73651837
1456.00000000	197.82538149
1458.00000000	195.92449730
1460.00000000	192.93021214
1462.00000000	189.57708867
1464.00000000	185.94937109
1466.00000000	181.54922970
1468.00000000	177.19022953
1470.00000000	172.44055963
1472.00000000	167.17444808
1474.00000000	162.26034439
1476.00000000	156.98976330
1478.00000000	151.73860777
1480.00000000	146.61614951
1482.00000000	141.73232589
1484.00000000	136.71434726
1486.00000000	132.20662543
1488.00000000	127.58087060
1490.00000000	123.26170525
1492.00000000	119.46145092
1494.00000000	116.01016072
1496.00000000	112.39817670
1498.00000000	109.76229192
1500.00000000	106.94857020
1502.00000000	104.41443664
1504.00000000	102.34228043
1506.00000000	100.27475440
1508.00000000	98.57141747
1510.00000000	97.15447598
1512.00000000	96.05958659
1514.00000000	94.62836492
1516.00000000	93.74923779
1518.00000000	93.23615375
1520.00000000	92.46106388
1522.00000000	91.78325825
1524.00000000	91.38078282
1526.00000000	90.84477337
1528.00000000	90.73657756
1530.00000000	90.22589997
1532.00000000	90.18002976
1534.00000000	90.32137604
1536.00000000	90.04425791
1538.00000000	90.01056488
1540.00000000	89.73548521
1542.00000000	89.64432529
1544.00000000	89.90407818
1546.00000000	89.78921947
1548.00000000	89.64950425
1550.00000000	89.67392945
1552.00000000	89.71708730
1554.00000000	89.79698507
1556.00000000	89.90063563
1558.00000000	89.53846162
1560.00000000	90.01598018
1562.00000000	89.93164847
1564.00000000	89.77656214
1566.00000000	89.84193900
1568.00000000	89.75731967
1570.00000000	89.97785480
1572.00000000	89.92976866
1574.00000000	89.95435102
1576.00000000	89.97958514
1578.00000000	90.03714429
1580.00000000	90.07179906
1582.00000000	90.24326320
1584.00000000	90.54038736
1586.00000000	90.28646015
1588.00000000	90.51033653
1590.00000000	90.76599444
1592.00000000	90.97319297
1594.00000000	91.22416010
1596.00000000	91.52250841
1598.00000000	92.41582427
1600.00000000	93.02897718
1602.00000000	93.52403017
1604.00000000	94.59840828
1606.00000000	95.49032050
1608.00000000	96.97995216
1610.00000000	98.34412301
1612.00000000	100.17720755
1614.00000000	102.13333159
1616.00000000	104.60714562
1618.00000000	106.98326411
1620.00000000	109.95207996
1622.00000000	112.82894850
1624.00000000	116.57191309
1626.00000000	119.70971230
1628.00000000	123.38366382
1630.00000000	126.90176189
1632.00000000	130.49794318
1634.00000000	134.23858958
1636.00000000	137.63213918
1638.00000000	140.81008999
1640.00000000	143.77282204
1642.00000000	146.14459035
1644.00000000	147.84496122
1646.00000000	149.79018632
1648.00000000	150.55872247
1650.00000000	150.87512275
1652.00000000	150.70320769
1654.00000000	149.57046334
1656.00000000	148.43828025
1658.00000000	146.52194844
1660.00000000	144.00825363
1662.00000000	140.99788018
1664.00000000	137.93861651
1666.00000000	134.53132094
1668.00000000	131.18147373
1670.00000000	127.29232362
1672.00000000	124.00995444
1674.00000000	120.45449894
1676.00000000	117.01451432
1678.00000000	113.80534485
1680.00000000	110.84000924
1682.00000000	107.92032207
1684.00000000	105.53181711
1686.00000000	103.19082053
1688.00000000	101.37161106
1690.00000000	99.57120046
1692.00000000	97.99228122
1694.00000000	96.69188987
1696.00000000	95.79390164
1698.00000000	94.93412858
1700.00000000	94.26868082
1702.00000000	93.65721044
1704.00000000	93.25398370
1706.00000000	92.76762781
1708.00000000	92.78541632
1710.00000000	92.54584071
1712.00000000	92.32883507
1714.00000000	91.98943950
1716.00000000	92.22605001
1718.00000000	92.01957274
1720.00000000	91.98352398
1722.00000000	92.03860994
1724.00000000	92.06730314
1726.00000000	92.03905935
1728.00000000	92.14788492
1730.00000000	91.91874822
1732.00000000	92.14305282
1734.00000000	91.97639863
1736.00000000	92.12439284
1738.00000000	92.32459436
1740.00000000	92.23105893
1742.00000000	92.49748903
1744.00000000	92.16562774
1746.00000000	92.15382350
1748.00000000	92.69494146
1750.00000000	92.40497716
1752.00000000	92.50633100
1754.00000000	92.46697025
1756.00000000	92.52064470
1758.00000000	92.40460138
1760.00000000	92.69712131
1762.00000000	92.62660240
1764.00000000	92.67108584
1766.00000000	92.62002563
1768.00000000	92.78653888
1770.00000000	92.77299612
1772.00000000	92.98357303
1774.00000000	92.94917698
1776.00000000	93.01302907
1778.00000000	93.01698348
1780.00000000	93.09135823
1782.00000000	92.99730028
1784.00000000	93.04730883
1786.00000000	93.41584248
1788.00000000	93.30249345
1790.00000000	93.06451893
1792.00000000	93.06580400
1794.00000000	93.21174508
1796.00000000	93.38577056
1798.00000000	93.28725937
1800.00000000	93.19708658
1802.00000000	93.41770932
1804.00000000	93.47825741
1806.00000000	93.54982685
1808.00000000	93.50279806
1810.00000000	93.84741931
1812.00000000	93.50880436
1814.00000000	93.63784906
1816.00000000	93.75574929
1818.00000000	93.60782668
1820.00000000	93.86525249
1822.00000000	93.91976027
1824.00000000	93.91236297
1826.00000000	93.71742673
1828.00000000	93.91491739
1830.00000000	94.02837381
1832.00000000	93.90928024
1834.00000000	94.06691455
1836.00000000	94.00490361
1838.00000000	94.34913207
1840.00000000	94.32014155
1842.00000000	94.30814536
1844.00000000	94.50936056
1846.00000000	94.38158517
1848.00000000	94.34425412
1850.00000000	94.46196236
1852.00000000	94.51623075
1854.00000000	94.57325257
1856.00000000	94.76186464
1858.00000000	94.62469895
1860.00000000	94.64258944
1862.00000000	94.65357020
1864.00000000	94.53092319
1866.00000000	94.98053366
1868.00000000	94.74998770
1870.00000000	94.72422616
1872.00000000	95.01583721
1874.00000000	94.99443453
1876.00000000	94.87804143
1878.00000000	95.20611320
1880.00000000	95.05071995
1882.00000000	95.30789956
1884.00000000	95.20565183
1886.00000000	95.25275997
1888.00000000	95.51940176
1890.00000000	95.22395598
1892.00000000	95.44166241
1894.00000000	95.22358955
1896.00000000	95.57620051
1898.00000000	95.49396649
1900.00000000	95.59007979
1902.00000000	95.60795512
1904.00000000	95.78028309
1906.00000000	95.72448076
1908.00000000	95.96770979
1910.00000000	95.83293948
1912.00000000	95.89291718
1914.00000000	96.06253007
1916.00000000	95.87084984
1918.00000000	95.88830949
1920.00000000	96.09650538
1922.00000000	96.04326216
1924.00000000	96.07639174
1926.00000000	95.99574685
1928.00000000	96.29889650
1930.00000000	96.26876117
1932.00000000	96.34641216
1934.00000000	96.19999092
1936.00000000	96.31082006
1938.00000000	96.51009343
1940.00000000	96.56912104
1942.00000000	96.79267193
1944.00000000	96.49335697
1946.00000000	96.60241291
1948.00000000	96.45621826
1950.00000000	96.79967627
1952.00000000	96.78457468
1954.00000000	97.15116795
1956.00000000	96.70852255
1958.00000000	96.96838785
1960.00000000	97.09134779
1962.00000000	97.18358260
1964.00000000	97.18606519
1966.00000000	97.07305444
1968.00000000	97.33443254
1970.00000000	97.49238743
1972.00000000	97.44871868
1974.00000000	97.46104571
1976.00000000	97.56626268
1978.00000000	97.30709333
1980.00000000	97.77103392
1982.00000000	97.49766313
1984.00000000	97.64136393
1986.00000000	97.77683031
1988.00000000	97.62933370
1990.00000000	97.81258825
1992.00000000	97.85199391
1994.00000000	97.65189514
1996.00000000	97.71230976
1998.00000000	98.13960400
2000.00000000	98.04687566
2002.00000000	98.01902633
2004.00000000	98.20591727
2006.00000000	98.09043165
2008.00000000	98.29383040
2010.00000000	98.39669677
2012.00000000	98.36063092
2014.00000000	98.46464662
2016.00000000	98.33699820
2018.00000000	98.54321170
2020.00000000	98.74433624
2022.00000000	98.48169299
2024.00000000	98.57617512
2026.00000000	98.56578549
2028.00000000	98.71405286
2030.00000000	98.64610160
2032.00000000	98.85680204
2034.00000000	98.74322694
2036.00000000	99.00888175
2038.00000000	99.15319235
2040.00000000	99.23982302
2042.00000000	99.14150686
2044.00000000	99.05458699
2046.00000000	99.18868581
2048.00000000	99.32547079
2050.00000000	99.17546014
2052.00000000	99.53945893
2054.00000000	99.42814717
2056.00000000	99.61537998
2058.00000000	99.78903569
2060.00000000	99.74566639
2062.00000000	99.72893979
2064.00000000	99.77103633
2066.00000000	99.88915930
2068.00000000	99.69007596
2070.00000000	99.85924193
2072.00000000	99.88756837
2074.00000000	100.11165297
2076.00000000	99.65101455
2078.00000000	100.22089962
2080.00000000	100.14630881
2082.00000000	100.15210697
2084.00000000	100.19045982
2086.00000000	100.29015767
2088.00000000	100.45211403
2090.00000000	100.31703351
2092.00000000	100.62243686
2094.00000000	100.64049010
2096.00000000	100.73952215
2098.00000000	100.66789634
2100.00000000	100.76521688
2102.00000000	100.86458508
2104.00000000	100.82172119
2106.00000000	101.03125869
2108.00000000	100.99884759
2110.00000000	100.99154268
2112.00000000	101.08257504
2114.00000000	101.39196564
2116.00000000	101.54582820
2118.00000000	101.55496915
2120.00000000	101.53275267
2122.00000000	101.80237682
2124.00000000	101.92275349
2126.00000000	101.95396984
2128.00000000	102.26048611
2130.00000000	102.51265226
2132.00000000	102.55527882
2134.00000000	102.89545372
2136.00000000	103.28333042
2138.00000000	103.64028893
2140.00000000	103.59021068
2142.00000000	104.17044953
2144.00000000	104.38741319
2146.00000000	104.94438792
2148.00000000	105.40463256
2150.00000000	106.00503193
2152.00000000	106.31883244
2154.00000000	107.22435492
2156.00000000	107.85524938
2158.00000000	108.49946614
2160.00000000	109.51181412
2162.00000000	110.22662299
2164.00000000	111.44544383
2166.00000000	112.33495611
2168.00000000	113.31324394
2170.00000000	114.82375704
2172.00000000	115.95107484
2174.00000000	117.55392626
2176.00000000	119.07640815
2178.00000000	120.60263140
2180.00000000	122.15306979
2182.00000000	123.99364298
2184.00000000	126.23502588
2186.00000000	128.04489039
2188.00000000	129.95308258
2190.00000000	132.32640194
2192.00000000	134.48800618
2194.00000000	137.01088811
2196.00000000	139.12452154
2198.00000000	142.10132320
2200.00000000	144.50790397
2202.00000000	147.23205496
2204.00000000	150.14104758
2206.00000000	152.48189224
2208.00000000	155.65714312
2210.00000000	158.29490862
2212.00000000	160.83522407
2214.00000000	163.75099821
2216.00000000	166.36830526
2218.00000000	169.17913222
2220.00000000	171.73346246
2222.00000000	174.63741858
2224.00000000	176.93868770
2226.00000000	179.10963058
2228.00000000	181.47775845
2230.00000000	183.53797710
2232.00000000	185.49832318
2234.00000000	187.22035436
2236.00000000	188.90759559
2238.00000000	190.34397442
2240.00000000	191.60361776
2242.00000000	192.67520392
2244.00000000	193.51805406
2246.00000000	194.11663315
2248.00000000	194.76680736
2250.00000000	194.50470698
2252.00000000	194.44063591
2254.00000000	194.14881497
2256.00000000	193.70014628
2258.00000000	193.18196883
2260.00000000	192.17879101
2262.00000000	191.00656824
2264.00000000	189.67868717
2266.00000000	188.23789563
2268.00000000	186.37987017
2270.00000000	184.29802812
2272.00000000	182.44930241
2274.00000000	180.55759366
2276.00000000	178.12022891
2278.00000000	175.75668886
2280.00000000	173.29781987
2282.00000000	170.89921820
2284.00000000	168.24132099
2286.00000000	165.40238428
2288.00000000	162.89643988
2290.00000000	160.23093880
2292.00000000	157.38828452
2294.00000000	155.02128007
2296.00000000	152.18451181
2298.00000000	149.55419324
2300.00000000	147.22562028
2302.00000000	144.68392555
2304.00000000	142.15884599
2306.00000000	139.91623850
2308.00000000	137.82803710
2310.00000000	135.47478325
2312.00000000	133.40823446
2314.00000000	131.13327175
2316.00000000	129.40078258
2318.00000000	127.52978348
2320.00000000	125.85670266
2322.00000000	124.13821092
2324.00000000	122.72774252
2326.00000000	121.40123639
2328.00000000	119.97812518
2330.00000000	118.88376238
2332.00000000	117.62082181
2334.00000000	116.60650804
2336.00000000	115.76326711
2338.00000000	114.70758966
2340.00000000	114.10564430
2342.00000000	113.41289659
2344.00000000	112.49425636
2346.00000000	112.19864489
2348.00000000	111.34547709
2350.00000000	111.00097451
2352.00000000	110.55723314
2354.00000000	110.18232649
2356.00000000	109.95834851
2358.00000000	109.71381702
2360.00000000	109.48881298
2362.00000000	109.34732074
2364.00000000	108.73338932
2366.00000000	108.82589229
2368.00000000	108.73620040
2370.00000000	108.75735882
2372.00000000	108.61693736
2374.00000000	108.49948388
2376.00000000	108.26315384
2378.00000000	108.36318904
2380.00000000	108.29765478
2382.00000000	108.34088775
2384.00000000	108.34923900
2386.00000000	108.07638811
2388.00000000	108.18133917
2390.00000000	108.24763636
2392.00000000	108.20638976
2394.00000000	108.27891276
2396.00000000	108.26153398
2398.00000000	108.23931003
2400.00000000	108.24484021
2402.00000000	108.41266265
2404.00000000	108.35522898
2406.00000000	108.48762291
2408.00000000	108.54404542
2410.00000000	108.53196939
2412.00000000	108.55565923
2414.00000000	108.61246869
2416.00000000	108.69679098
2418.00000000	108.60185636
2420.00000000	108.83270157
2422.00000000	108.98725010
2424.00000000	109.02275798
2426.00000000	109.02320932
2428.00000000	108.96723571
2430.00000000	109.08217895
2432.00000000	109.11921849
2434.00000000	108.88960998
2436.00000000	109.28634384
2438.00000000	108.99469254
2440.00000000	109.15670103
2442.00000000	109.16720209
2444.00000000	109.32248296
2446.00000000	109.53079964
2448.00000000	109.36065263
2450.00000000	109.54335765
2452.00000000	109.27302326
2454.00000000	109.52272035
2456.00000000	109.44495468
2458.00000000	109.69051154
2460.00000000	109.58184573
2462.00000000	109.62276478
2464.00000000	109.92266002
2466.00000000	109.69733410
2468.00000000	109.65738577
2470.00000000	109.76477061
2472.00000000	109.72362339
2474.00000000	109.62307257
2476.00000000	110.01311633
2478.00000000	109.97022323
2480.00000000	110.03100887
2482.00000000	110.14600016
2484.00000000	110.03288310
2486.00000000	110.03636517
2488.00000000	110.11857000
2490.00000000	109.99076624
2492.00000000	110.32373668
2494.00000000	110.13459107
2496.00000000	110.19144356
2498.00000000	110.16395275
2500.00000000	110.39479033
2502.00000000	110.63566876
2504.00000000	110.42346177
2506.00000000	110.58291151
2508.00000000	110.32835584
2510.00000000	110.69220449
2512.00000000	110.63422108
2514.00000000	110.56019208
2516.00000000	110.56929766
2518.00000000	110.74935695
2520.00000000	110.99808820
2522.00000000	110.68472118
2524.00000000	110.62342441
2526.00000000	110.76939956
2528.00000000	110.92224236
2530.00000000	110.96105604
2532.00000000	111.14516671
2534.00000000	110.90211282
2536.00000000	111.07490133
2538.00000000	110.98543454
2540.00000000	111.02795734
2542.00000000	111.22551859
2544.00000000	111.19755080
2546.00000000	111.12520805
2548.00000000	111.22703339
2550.00000000	111.24625583
2552.00000000	111.31531378
2554.00000000	111.20849095
2556.00000000	111.57441881
2558.00000000	111.31885784
2560.00000000	111.16773994
2562.00000000	111.46103364
2564.00000000	111.54550933
2566.00000000	111.52812395
2568.00000000	111.52255859
2570.00000000	111.77525734
2572.00000000	111.61498158
2574.00000000	111.81623263
2576.00000000	111.88061544
2578.00000000	111.73260137
2580.00000000	111.82539757
2582.00000000	111.56650965
2584.00000000	111.84920396
2586.00000000	111.76062673
2588.00000000	111.93230527
2590.00000000	112.07683783
2592.00000000	112.03462106
2594.00000000	111.94464172
2596.00000000	112.04049504
2598.00000000	112.05925781
2600.00000000	112.04225592
2602.00000000	112.01674936
2604.00000000	112.08092865
2606.00000000	112.14889658
2608.00000000	112.22246756
2610.00000000	112.42484690
2612.00000000	112.40480108
2614.00000000	112.47969864
2616.00000000	112.22228789
2618.00000000	112.48396908
2620.00000000	112.56222759
2622.00000000	112.49616747
2624.00000000	112.37412179
2626.00000000	112.38947362
2628.00000000	112.54424120
2630.00000000	112.36940309
2632.00000000	112.36089094
2634.00000000	112.96219456
2636.00000000	112.63485593
2638.00000000	112.80056828
2640.00000000	112.70895844
2642.00000000	112.65414786
2644.00000000	112.64467489
2646.00000000	112.63219322
2648.00000000	112.62070145
2650.00000000	112.85939353
2652.00000000	112.83927869
2654.00000000	112.85689624
2656.00000000	112.94899586
2658.00000000	112.94654885
2660.00000000	112.79303281
2662.00000000	112.83598568
2664.00000000	112.93605285
2666.00000000	112.83892618
2668.00000000	112.92086367
2670.00000000	112.98995417
2672.00000000	113.26919798
2674.00000000	113.00123258
2676.00000000	112.94517300
2678.00000000	113.35176083
2680.00000000	113.13902747
2682.00000000	113.04355799
2684.00000000	113.27312514
2686.00000000	113.27910967
2688.00000000	113.35485262
2690.00000000	113.04300804
2692.00000000	113.15967078
2694.00000000	113.35409180
2696.00000000	113.56440758
2698.00000000	113.66658495
2700.00000000	113.46884128
2702.00000000	113.23676613
2704.00000000	113.27832035
2706.00000000	113.45049647
2708.00000000	113.26132520
2710.00000000	113.59771540
2712.00000000	113.52797498
2714.00000000	113.67830815
2716.00000000	113.71083534
2718.00000000	113.79393744
2720.00000000	113.72809656
2722.00000000	113.57154209
2724.00000000	113.96933288
2726.00000000	113.72500816
2728.00000000	113.85223087
2730.00000000	113.72520538
2732.00000000	113.96414245
2734.00000000	113.78562353
2736.00000000	113.92752898
2738.00000000	114.00309573
2740.00000000	114.29756584
2742.00000000	113.97113096
2744.00000000	114.13476569
2746.00000000	114.34154275
2748.00000000	114.30242577
2750.00000000	114.38736933
2752.00000000	114.46017853
2754.00000000	114.51022986
2756.00000000	114.95647185
2758.00000000	114.70630653
2760.00000000	114.86548049
2762.00000000	114.82342175
2764.00000000	115.36212572
2766.00000000	115.46618788
2768.00000000	115.56465763
2770.00000000	115.68261855
2772.00000000	115.81036858
2774.00000000	116.63605928
2776.00000000	116.48979459
2778.00000000	116.58688987
2780.00000000	117.03711342
2782.00000000	117.51121773
2784.00000000	117.84295884
2786.00000000	118.03012721
2788.00000000	118.35689870
2790.00000000	118.81786229
2792.00000000	119.34528292
2794.00000000	119.88348689
2796.00000000	120.50365993
2798.00000000	121.23842445
2800.00000000	121.55130966
2802.00000000	122.33590238
2804.00000000	123.21851799
2806.00000000	123.81128535
2808.00000000	124.57287755
2810.00000000	125.60370306
2812.00000000	126.16714553
2814.00000000	127.23600986
2816.00000000	128.13041098
2818.00000000	129.39374255
2820.00000000	130.63101348
2822.00000000	131.96161784
2824.00000000	133.13647564
2826.00000000	134.17327059
2828.00000000	135.60221524
2830.00000000	137.58828968
2832.00000000	139.12529678
2834.00000000	140.68765530
2836.00000000	142.29270264
2838.00000000	144.08173007
2840.00000000	146.05862179
2842.00000000	147.89238579
2844.00000000	149.90156739
2846.00000000	151.96825367
2848.00000000	153.96683715
2850.00000000	156.07794702
2852.00000000	158.40130435
2854.00000000	160.77001807
2856.00000000	163.02494070
2858.00000000	165.59006663
2860.00000000	167.89534140
2862.00000000	170.49024579
2864.00000000	172.83563576
2866.00000000	175.59267773
2868.00000000	178.09915103
2870.00000000	180.63843240
2872.00000000	183.53784449
2874.00000000	186.23189466
2876.00000000	188.73748364
2878.00000000	191.54659173
2880.00000000	194.21754464
2882.00000000	196.60937980
2884.00000000	199.18264766
2886.00000000	201.59606822
2888.00000000	204.22205177
2890.00000000	207.02480239
2892.00000000	209.17350404
2894.00000000	211.61404347
2896.00000000	213.74588847
2898.00000000	215.91876463
2900.00000000	218.22189166
2902.00000000	220.29659636
2904.00000000	221.99586095
2906.00000000	223.83606884
2908.00000000	225.46914523
2910.00000000	227.16380013
2912.00000000	228.56350167
2914.00000000	229.54497183
2916.00000000	230.83480484
2918.00000000	231.84790887
2920.00000000	232.75939034
2922.00000000	233.32618964
2924.00000000	234.32148159
2926.00000000	234.45633158
2928.00000000	234.94977950
2930.00000000	234.84220246
2932.00000000	234.67149599
2934.00000000	234.37218921
2936.00000000	234.06370519
2938.00000000	233.50595231
2940.00000000	232.70265832
2942.00000000	231.89029141
2944.00000000	230.78919777
2946.00000000	229.89626198
2948.00000000	228.53077935
2950.00000000	227.18936396
2952.00000000	225.34456097
2954.00000000	223.76657461
2956.00000000	222.03594378
2958.00000000	220.43017991
2960.00000000	218.27393604
2962.00000000	216.26860610
2964.00000000	213.84945894
2966.00000000	211.45034377
2968.00000000	209.45967939
2970.00000000	207.04164764
2972.00000000	204.20879080
2974.00000000	202.00743639
2976.00000000	199.49496575
2978.00000000	196.64102849
2980.00000000	194.20848401
2982.00000000	191.41015269
2984.00000000	188.69036487
2986.00000000	186.32027011
2988.00000000	183.75515066
2990.00000000	181.08025949
2992.00000000	178.41535468
2994.00000000	175.66989132
2996.00000000	173.52568683
2998.00000000	170.67911375
3000.00000000	168.21068939
3002.00000000	165.74523286
3004.00000000	163.43342077
3006.00000000	161.05404885
3008.00000000	158.75550618
3010.00000000	156.75075907
3012.00000000	154.20163360
3014.00000000	152.26314802
3016.00000000	150.02480731
3018.00000000	148.09961204
3020.00000000	146.21757431
3022.00000000	144.52796576
3024.00000000	142.72898395
3026.00000000	140.99734644
3028.00000000	139.33766140
3030.00000000	137.85650394
3032.00000000	136.06317300
3034.00000000	134.80635658
3036.00000000	133.74179338
3038.00000000	132.33926444
3040.00000000	131.01141743
3042.00000000	130.03124594
3044.00000000	128.81908966
3046.00000000	127.60416445
3048.00000000	126.90211398
3050.00000000	125.83152448
3052.00000000	125.04251234
3054.00000000	124.14121356
3056.00000000	123.61903616
3058.00000000	122.80702150
3060.00000000	122.14275882
3062.00000000	121.59704906
3064.00000000	120.88731596
3066.00000000	120.12029274
3068.00000000	120.21962446
3070.00000000	119.45699082
3072.00000000	119.07736332
3074.00000000	118.48074724
3076.00000000	118.15524387
3078.00000000	118.01842692
3080.00000000	117.66945608
3082.00000000	117.25278503
3084.00000000	117.23515696
3086.00000000	117.01318998
3088.00000000	116.52962571
3090.00000000	116.38115664
3092.00000000	116.04807376
3094.00000000	115.96926460
3096.00000000	116.03177729
3098.00000000	115.81200101
3100.00000000	115.67106215
3102.00000000	115.59970124
3104.00000000	115.49175078
3106.00000000	115.42681392
3108.00000000	115.26660740
3110.00000000	115.19472129
3112.00000000	115.31380171
3114.00000000	115.07719879
3116.00000000	115.11861404
3118.00000000	114.93640075
3120.00000000	114.96121558
3122.00000000	115.06752401
3124.00000000	115.03536047
3126.00000000	114.68135469
3128.00000000	114.83281326
3130.00000000	114.94815585
3132.00000000	114.87885630
3134.00000000	114.85154498
3136.00000000	114.78996041
3138.00000000	114.77991746
3140.00000000	114.63995907
3142.00000000	114.81359858
3144.00000000	114.85929392
3146.00000000	114.65172573
3148.00000000	114.77098262
3150.00000000	114.61646674
3152.00000000	115.07536559
3154.00000000	114.62816264
3156.00000000	114.67796708
3158.00000000	114.57069942
3160.00000000	114.72511656
3162.00000000	114.62093703
3164.00000000	114.56324721
3166.00000000	114.57031566
3168.00000000	114.55044931
3170.00000000	114.48763427
3172.00000000	114.51024380
3174.00000000	114.54805394
3176.00000000	114.74132635
3178.00000000	114.58924950
3180.00000000	114.74794432
3182.00000000	114.36044469
3184.00000000	114.48656563
3186.00000000	114.17085761
3188.00000000	114.45478150
3190.00000000	114.57518115
3192.00000000	114.57994500
3194.00000000	114.59455687
3196.00000000	114.42671396
3198.00000000	114.58009720
3200.00000000	114.42137624
3202.00000000	114.52012178
3204.00000000	114.54198399
3206.00000000	114.36098414
3208.00000000	114.61664938
3210.00000000	114.30556859
3212.00000000	114.38856362
3214.00000000	114.46408760
3216.00000000	114.30046555
3218.00000000	114.41440169
3220.00000000	114.29969633
3222.00000000	114.38736049
3224.00000000	114.36256923
3226.00000000	114.63502884
3228.00000000	114.66052624
3230.00000000	114.24468149
3232.00000000	114.54861497
3234.00000000	114.40338826
3236.00000000	114.32331946
3238.00000000	114.14073480
3240.00000000	114.14899535
3242.00000000	114.37864452
3244.00000000	114.52536557
3246.00000000	114.50545705
3248.00000000	114.43000459
3250.00000000	114.46156218
3252.00000000	114.34263711
3254.00000000	114.34560243
3256.00000000	114.23753864
3258.00000000	114.39935495
3260.00000000	114.42373000
3262.00000000	114.19491455
3264.00000000	114.43438148
3266.00000000	114.29660343
3268.00000000	114.54816719
3270.00000000	114.36286337
3272.00000000	114.44742733
3274.00000000	114.02353682
3276.00000000	114.36413362
3278.00000000	114.35697982
3280.00000000	114.21796462
3282.00000000	114.12491091
3284.00000000	114.20284906
3286.00000000	114.41169417
3288.00000000	114.22283245
3290.00000000	114.29915708
3292.00000000	114.38751743
3294.00000000	114.40714067
3296.00000000	114.08568366
3298.00000000	114.29963411
3300.00000000	114.16215872
