500.00000000	87.18680552
502.00000000	86.98299116
504.00000000	87.08367539
506.00000000	86.91214201
508.00000000	87.01621705
510.00000000	86.97203943
512.00000000	87.06776526
514.00000000	87.01308827
516.00000000	87.06292579
518.00000000	87.22983890
520.00000000	87.22401247
522.00000000	87.24245354
524.00000000	87.27673784
526.00000000	87.13805231
528.00000000	87.22682100
530.00000000	87.53822242
532.00000000	87.38481283
534.00000000	87.41273864
536.00000000	87.55651248
538.00000000	87.62251406
540.00000000	87.62848959
542.00000000	87.47618668
544.00000000	87.79780825
546.00000000	87.52998896
548.00000000	87.57672136
550.00000000	87.63139193
552.00000000	87.83166931
554.00000000	87.63962375
556.00000000	87.54453878
558.00000000	87.64770739
560.00000000	87.59427869
562.00000000	87.64983046
564.00000000	87.80698594
566.00000000	87.59194585
568.00000000	87.60282680
570.00000000	87.93079381
572.00000000	87.84915021
574.00000000	87.64569197
576.00000000	87.98963784
578.00000000	88.02883103
580.00000000	88.00238211
582.00000000	87.87986827
584.00000000	87.87114631
586.00000000	88.09874653
588.00000000	88.13262252
590.00000000	88.04011979
592.00000000	87.99486569
594.00000000	87.91464877
596.00000000	88.05051525
598.00000000	88.16396201
600.00000000	88.26082964
602.00000000	88.23474494
604.00000000	88.07485752
606.00000000	87.83169257
608.00000000	88.32494720
610.00000000	88.27999560
612.00000000	88.29316499
614.00000000	88.46713270
616.00000000	88.35015598
618.00000000	88.28934066
620.00000000	88.04996108
622.00000000	88.28428911
624.00000000	88.41350484
626.00000000	88.38713236
628.00000000	88.39114034
630.00000000	88.42907561
632.00000000	88.41409239
634.00000000	88.30311980
636.00000000	88.39935301
638.00000000	88.55065933
640.00000000	88.55053711
642.00000000	88.54938735
644.00000000	88.33637319
646.00000000	88.50207953
648.00000000	88.47885778
650.00000000	88.62201013
652.00000000	88.40632962
654.00000000	88.52436138
656.00000000	88.66601948
658.00000000	88.66760993
660.00000000	88.46150762
662.00000000	88.52736311
664.00000000	88.63535671
666.00000000	88.72491426
668.00000000	88.86533588
670.00000000	88.67380426
672.00000000	88.84745883
674.00000000	88.68816594
676.00000000	88.68254814
678.00000000	88.89992002
680.00000000	88.94243835
682.00000000	88.85721253
684.00000000	89.08488327
686.00000000	89.44133754
688.00000000	89.93884522
690.00000000	90.36326565
692.00000000	91.54624725
694.00000000	92.91496810
696.00000000	94.76625536
698.00000000	96.84360923
700.00000000	99.85461855
702.00000000	103.90295274
704.00000000	108.34090833
706.00000000	114.16124796
708.00000000	120.72747578
710.00000000	128.52522840
712.00000000	137.09893629
714.00000000	146.18514437
716.00000000	155.56679458
718.00000000	165.04335922
720.00000000	173.94663123
722.00000000	182.24723849
724.00000000	189.26762356
726.00000000	194.52366523
728.00000000	198.06507143
730.00000000	198.94130720
732.00000000	197.83945553
734.00000000	194.62263370
736.00000000	189.27331863
738.00000000	182.27317281
740.00000000	174.14339281
742.00000000	165.13983214
744.00000000	155.71309491
746.00000000	146.20849256
748.00000000	137.00058346
750.00000000	128.63218148
752.00000000	121.05863387
754.00000000	114.28953757
756.00000000	108.86491318
758.00000000	103.86601208
760.00000000	100.02841576
762.00000000	97.00973366
764.00000000	94.94568880
766.00000000	93.24583866
768.00000000	91.94294867
770.00000000	90.94930119
772.00000000	90.31316775
774.00000000	89.97840930
776.00000000	89.51686929
778.00000000	89.37002059
780.00000000	89.27456941
782.00000000	89.22744735
784.00000000	89.44958269
786.00000000	88.92107911
788.00000000	89.02795028
790.00000000	89.26962485
792.00000000	89.13013881
794.00000000	89.12422527
796.00000000	89.22159890
798.00000000	89.03943047
800.00000000	89.19802891
802.00000000	89.11184231
804.00000000	89.20862059
806.00000000	89.05559147
808.00000000	89.14411030
810.00000000	89.30781509
812.00000000	89.27846164
814.00000000	89.32949878
816.00000000	89.11161796
818.00000000	89.21466144
820.00000000	89.17081967
822.00000000	88.90932754
824.00000000	89.24288679
826.00000000	89.07041435
828.00000000	89.19686247
830.00000000	89.03593013
832.00000000	89.18229836
834.00000000	88.94921376
836.00000000	89.44992270
838.00000000	89.20247033
840.00000000	89.20226950
842.00000000	89.12873588
844.00000000	89.06869964
846.00000000	89.17911135
848.00000000	89.19676009
850.00000000	89.45099861
852.00000000	89.17249050
854.00000000	89.16976118
856.00000000	89.21161920
858.00000000	89.45534318
860.00000000	89.00654504
862.00000000	89.18242416
864.00000000	89.23435803
866.00000000	89.03117422
868.00000000	89.22418419
870.00000000	89.15042307
872.00000000	89.13563338
874.00000000	89.32636549
876.00000000	89.06801147
878.00000000	89.02785921
880.00000000	89.09311281
882.00000000	89.16187314
884.00000000	89.23173164
886.00000000	89.21802563
888.00000000	88.97247331
890.00000000	89.21161058
892.00000000	89.15056877
894.00000000	89.19352005
896.00000000	88.99992986
898.00000000	89.13648394
900.00000000	89.09223273
902.00000000	89.02210190
904.00000000	89.23325609
906.00000000	89.17507833
908.00000000	89.21738132
910.00000000	89.24176331
912.00000000	89.22016731
914.00000000	89.11034743
916.00000000	89.05794538
918.00000000	89.04965560
920.00000000	89.45104089
922.00000000	89.40339004
924.00000000	89.39161421
926.00000000	89.53459786
928.00000000	89.84711386
930.00000000	89.72524867
932.00000000	90.02235783
934.00000000	90.29190897
936.00000000	90.58572953
938.00000000	90.94041104
940.00000000	91.30995600
942.00000000	91.99585782
944.00000000	92.78304271
946.00000000	93.86654025
948.00000000	94.88803850
950.00000000	96.19828257
952.00000000	97.90036694
954.00000000	99.81847788
956.00000000	101.99295940
958.00000000	104.50633347
960.00000000	107.20956367
962.00000000	110.27040117
964.00000000	113.77254869
966.00000000	118.02072263
968.00000000	122.14795766
970.00000000	126.51917516
972.00000000	131.46957557
974.00000000	136.32804796
976.00000000	141.31297082
978.00000000	146.69064482
980.00000000	151.80999540
982.00000000	157.01504640
984.00000000	161.86767496
986.00000000	166.40191868
988.00000000	170.93914835
990.00000000	174.52886155
992.00000000	178.05425783
994.00000000	180.43682615
996.00000000	182.47191250
998.00000000	183.69087598
1000.00000000	183.94063133
1002.00000000	183.34374754
1004.00000000	182.23799673
1006.00000000	180.39199841
1008.00000000	177.82853210
1010.00000000	174.63537173
1012.00000000	170.72163340
1014.00000000	166.36406015
1016.00000000	161.86425976
1018.00000000	156.98866975
1020.00000000	151.78101152
1022.00000000	146.52058733
1024.00000000	141.06223839
1026.00000000	136.13754993
1028.00000000	131.08787552
1030.00000000	126.37919260
1032.00000000	121.83379984
1034.00000000	117.81462115
1036.00000000	113.54424827
1038.00000000	110.30551448
1040.00000000	107.08923194
1042.00000000	104.12077289
1044.00000000	101.58042469
1046.00000000	99.58955736
1048.00000000	97.49036465
1050.00000000	95.87996320
1052.00000000	94.66971242
1054.00000000	93.40199784
1056.00000000	92.65300287
1058.00000000	91.79409622
1060.00000000	91.07849291
1062.00000000	90.44815272
1064.00000000	90.17658195
1066.00000000	90.01029869
1068.00000000	89.62239412
1070.00000000	89.36539935
1072.00000000	89.07083627
1074.00000000	89.17171654
1076.00000000	89.03732149
1078.00000000	89.05682645
1080.00000000	89.04256134
1082.00000000	88.97882031
1084.00000000	88.95211671
1086.00000000	88.68541100
1088.00000000	88.69033824
1090.00000000	88.73021739
1092.00000000	88.45378214
1094.00000000	88.69150345
1096.00000000	88.92910093
1098.00000000	88.95280031
1100.00000000	88.78757108
1102.00000000	88.74860726
1104.00000000	88.76344234
1106.00000000	88.73345250
1108.00000000	88.72559554
1110.00000000	88.59278815
1112.00000000	88.75434136
1114.00000000	88.83964273
1116.00000000	88.89070376
1118.00000000	88.67848945
1120.00000000	88.61210995
1122.00000000	88.75411676
1124.00000000	88.55692067
1126.00000000	88.55559441
1128.00000000	88.62157919
1130.00000000	88.66323250
1132.00000000	88.46350979
1134.00000000	88.59074717
1136.00000000	88.41686688
1138.00000000	88.51523728
1140.00000000	88.62005274
1142.00000000	88.62232555
1144.00000000	88.62241103
1146.00000000	88.70684846
1148.00000000	88.69323272
1150.00000000	88.76852159
1152.00000000	88.41600030
1154.00000000	88.61780309
1156.00000000	88.40725255
1158.00000000	88.46924677
1160.00000000	88.83952360
1162.00000000	88.58813223
1164.00000000	88.83769384
1166.00000000	88.49816346
1168.00000000	88.68232568
1170.00000000	88.71346673
1172.00000000	88.46276340
1174.00000000	88.38066601
1176.00000000	88.87198888
1178.00000000	88.55798854
1180.00000000	88.67306212
1182.00000000	88.61487472
1184.00000000	88.40452532
1186.00000000	88.50082109
1188.00000000	88.67585581
1190.00000000	88.58262106
1192.00000000	88.55969267
1194.00000000	88.56253697
1196.00000000	88.38239282
1198.00000000	88.52276793
1200.00000000	88.57461760
1202.00000000	88.34603281
1204.00000000	88.47529927
1206.00000000	88.55746090
1208.00000000	88.61981244
1210.00000000	88.53060334
1212.00000000	88.42703375
1214.00000000	88.52212026
1216.00000000	88.35338206
1218.00000000	88.60646453
1220.00000000	88.65991850
1222.00000000	88.60928145
1224.00000000	88.36678975
1226.00000000	88.28589416
1228.00000000	88.27695522
1230.00000000	88.45647770
1232.00000000	88.60865423
1234.00000000	88.67368126
1236.00000000	88.46867674
1238.00000000	88.65229247
1240.00000000	88.30417743
1242.00000000	88.37444614
1244.00000000	88.34880702
1246.00000000	88.53049562
1248.00000000	88.41935094
1250.00000000	88.28643226
1252.00000000	88.53049762
1254.00000000	88.52261626
1256.00000000	88.32986441
1258.00000000	88.38822738
1260.00000000	88.35044468
1262.00000000	88.45104195
1264.00000000	88.18530533
1266.00000000	88.35117172
1268.00000000	88.16793238
1270.00000000	88.51460505
1272.00000000	88.37791420
1274.00000000	88.45726807
1276.00000000	88.38394442
1278.00000000	88.46133419
1280.00000000	88.19043506
1282.00000000	88.41169803
1284.00000000	88.77921225
1286.00000000	88.13553482
1288.00000000	88.64831756
1290.00000000	88.40221515
1292.00000000	88.57758603
1294.00000000	88.36415963
1296.00000000	88.12054271
1298.00000000	88.69332375
1300.00000000	88.19989597
1302.00000000	88.43644716
1304.00000000	88.36379795
1306.00000000	88.52776018
1308.00000000	88.44532826
1310.00000000	88.56426919
1312.00000000	88.42184131
1314.00000000	88.27840728
1316.00000000	88.28152370
1318.00000000	88.56866799
1320.00000000	88.30270435
1322.00000000	88.41067397
1324.00000000	88.50152834
1326.00000000	88.58176107
1328.00000000	88.33845850
1330.00000000	88.81103323
1332.00000000	88.51099705
1334.00000000	88.45666156
1336.00000000	88.28705349
1338.00000000	88.59062113
1340.00000000	88.53558063
1342.00000000	88.61802305
1344.00000000	88.54878098
1346.00000000	88.61012578
1348.00000000	88.56093941
1350.00000000	88.61537958
1352.00000000	88.63057806
1354.00000000	88.61244136
1356.00000000	88.83950161
1358.00000000	88.69873138
1360.00000000	88.73060536
1362.00000000	88.90051518
1364.00000000	88.85451093
1366.00000000	88.92154544
1368.00000000	88.80810056
1370.00000000	89.24788147
1372.00000000	89.39466651
1374.00000000	89.66787061
1376.00000000	89.74803552
1378.00000000	90.08875229
1380.00000000	90.65706468
1382.00000000	91.14086212
1384.00000000	91.61232893
1386.00000000	92.12351061
1388.00000000	93.07229019
1390.00000000	94.00047133
1392.00000000	94.85609665
1394.00000000	96.01670126
1396.00000000	97.14431711
1398.00000000	98.72437338
1400.00000000	100.46268014
1402.00000000	102.45724898
1404.00000000	104.50420558
1406.00000000	106.73402251
1408.00000000	109.28164930
1410.00000000	111.86992344
1412.00000000	114.34438707
1414.00000000	117.65257853
1416.00000000	120.54041694
1418.00000000	123.78270415
1420.00000000	127.44853396
1422.00000000	130.77294193
1424.00000000	134.21331096
1426.00000000	137.49652763
1428.00000000	141.14926456
1430.00000000	144.64943343
1432.00000000	147.64431459
1434.00000000	150.93656170
1436.00000000	153.54370516
1438.00000000	156.31118550
1440.00000000	158.62055018
1442.00000000	160.25016223
1444.00000000	161.64750185
1446.00000000	162.99324896
1448.00000000	163.57051642
1450.00000000	164.01289981
1452.00000000	163.53406409
1454.00000000	163.10342135
1456.00000000	161.97547457
1458.00000000	160.35128578
1460.00000000	158.71636638
1462.00000000	156.48497801
1464.00000000	153.75176148
1466.00000000	151.24968028
1468.00000000	147.95295628
1470.00000000	144.88976835
1472.00000000	141.44723841
1474.00000000	137.97865496
1476.00000000	134.67129734
1478.00000000	130.98889086
1480.00000000	127.75039378
1482.00000000	124.38396955
1484.00000000	121.02995072
1486.00000000	117.75533510
1488.00000000	114.87083263
1490.00000000	111.93644822
1492.00000000	109.67426678
1494.00000000	107.06310123
1496.00000000	104.89646571
1498.00000000	103.03499378
1500.00000000	101.10756821
1502.00000000	99.41379005
1504.00000000	97.77757784
1506.00000000	96.77706166
1508.00000000	95.35169892
1510.00000000	94.52348102
1512.00000000	93.55212245
1514.00000000	93.01372133
1516.00000000	92.51641460
1518.00000000	91.79851865
1520.00000000	91.29268379
1522.00000000	90.98212074
1524.00000000	90.85284856
1526.00000000	90.43617872
1528.00000000	90.35381603
1530.00000000	90.06146355
1532.00000000	89.97910504
1534.00000000	89.96078376
1536.00000000	89.74313518
1538.00000000	89.77865738
1540.00000000	89.70114412
1542.00000000	89.57674567
1544.00000000	89.94625600
1546.00000000	89.85880247
1548.00000000	89.80420848
1550.00000000	89.65268284
1552.00000000	89.57559990
1554.00000000	89.58911578
1556.00000000	89.74304411
1558.00000000	89.71195191
1560.00000000	89.70583145
1562.00000000	89.88069425
1564.00000000	89.64416457
1566.00000000	90.04515183
1568.00000000	90.10403216
1570.00000000	89.97211385
1572.00000000	89.97923173
1574.00000000	90.00784868
1576.00000000	89.94811616
1578.00000000	89.87285493
1580.00000000	90.16357978
1582.00000000	89.99219292
1584.00000000	90.41856158
1586.00000000	90.45819676
1588.00000000	90.34201198
1590.00000000	90.84534556
1592.00000000	91.08379570
1594.00000000	91.40608996
1596.00000000	91.61318695
1598.00000000	92.23194133
1600.00000000	92.93995363
1602.00000000	93.39429199
1604.00000000	94.61011077
1606.00000000	95.78940012
1608.00000000	96.72951425
1610.00000000	98.49186323
1612.00000000	100.28254125
1614.00000000	102.13085535
1616.00000000	104.49343231
1618.00000000	107.07758537
1620.00000000	109.96670425
1622.00000000	113.22646696
1624.00000000	116.25311101
1626.00000000	119.79399167
1628.00000000	123.28672969
1630.00000000	126.80050302
1632.00000000	130.69260006
1634.00000000	134.36444154
1636.00000000	137.58663539
1638.00000000	140.90583906
1640.00000000	143.57577603
1642.00000000	146.00282598
1644.00000000	148.10181891
1646.00000000	149.57524404
1648.00000000	150.59679451
1650.00000000	150.83099642
1652.00000000	150.52353047
1654.00000000	149.82351976
1656.00000000	148.10540628
1658.00000000	146.27003986
1660.00000000	143.83502611
1662.00000000	141.07209302
1664.00000000	137.94472543
1666.00000000	134.70711687
1668.00000000	131.15601018
1670.00000000	127.65473345
1672.00000000	124.03438295
1674.00000000	120.43164001
1676.00000000	116.96932090
1678.00000000	113.92873109
1680.00000000	110.70590637
1682.00000000	107.84022280
1684.00000000	105.63315952
1686.00000000	103.39851388
1688.00000000	101.35646896
1690.00000000	99.58569711
1692.00000000	98.18242939
1694.00000000	96.92836035
1696.00000000	95.77570747
1698.00000000	95.15274115
1700.00000000	94.21553633
1702.00000000	93.66477174
1704.00000000	93.17794573
1706.00000000	92.87548666
1708.00000000	92.57425073
1710.00000000	92.62242920
1712.00000000	92.22312092
1714.00000000	92.18621305
1716.00000000	92.08105232
1718.00000000	91.92712862
1720.00000000	92.04523924
1722.00000000	92.11120584
1724.00000000	92.02058023
1726.00000000	92.09919882
1728.00000000	91.96832422
1730.00000000	92.07286694
1732.00000000	92.19598418
1734.00000000	92.11915401
1736.00000000	92.28301298
1738.00000000	92.28462895
1740.00000000	92.23764371
1742.00000000	92.23621361
1744.00000000	92.30484694
1746.00000000	92.28985739
1748.00000000	92.29706262
1750.00000000	92.28924063
1752.00000000	92.40321895
1754.00000000	92.51926338
1756.00000000	92.60607817
1758.00000000	92.44286659
1760.00000000	92.84243342
1762.00000000	92.68635740
1764.00000000	92.87771551
1766.00000000	92.74448541
1768.00000000	92.75953043
1770.00000000	92.70917074
1772.00000000	92.79730380
1774.00000000	92.84058603
1776.00000000	93.04070620
1778.00000000	93.03511112
1780.00000000	93.09718748
1782.00000000	92.99294479
1784.00000000	92.94362122
1786.00000000	92.93680592
1788.00000000	93.11677082
1790.00000000	93.20547189
1792.00000000	93.20389783
1794.00000000	93.26112508
1796.00000000	93.10373158
1798.00000000	93.43069534
1800.00000000	93.27787433
1802.00000000	93.27192537
1804.00000000	93.55620625
1806.00000000	93.53294804
1808.00000000	93.51559592
1810.00000000	93.46376584
1812.00000000	93.59007426
1814.00000000	93.71992349
1816.00000000	93.68047730
1818.00000000	93.95635978
1820.00000000	93.85222109
1822.00000000	93.90828227
1824.00000000	94.01084591
1826.00000000	94.04682213
1828.00000000	93.96196996
1830.00000000	93.97220822
1832.00000000	93.92677490
1834.00000000	94.06447651
1836.00000000	94.10774564
1838.00000000	94.29233407
1840.00000000	94.10223294
1842.00000000	94.40099194
1844.00000000	94.50816075
1846.00000000	94.48283620
1848.00000000	94.20432278
1850.00000000	94.63829328
1852.00000000	94.66976410
1854.00000000	94.54781780
1856.00000000	94.89728072
1858.00000000	94.64657085
1860.00000000	94.76456387
1862.00000000	94.68613697
1864.00000000	94.70623294
1866.00000000	94.69651787
1868.00000000	95.01420398
1870.00000000	94.89274453
1872.00000000	94.90386430
1874.00000000	94.87432638
1876.00000000	95.11286561
1878.00000000	95.06350908
1880.00000000	95.22134104
1882.00000000	95.28585226
1884.00000000	95.23188989
1886.00000000	95.42952486
1888.00000000	95.16669199
1890.00000000	95.30675310
1892.00000000	95.48575574
1894.00000000	95.18520379
1896.00000000	95.50981808
1898.00000000	95.22621018
1900.00000000	95.63543144
1902.00000000	95.89857393
1904.00000000	95.59656066
1906.00000000	95.51656012
1908.00000000	95.74987531
1910.00000000	96.14594866
1912.00000000	95.78551179
1914.00000000	95.98665603
1916.00000000	96.06398401
1918.00000000	95.84988319
1920.00000000	95.91736960
1922.00000000	95.96053713
1924.00000000	96.16618278
1926.00000000	96.20262032
1928.00000000	96.25073334
1930.00000000	96.26698326
1932.00000000	96.32157075
1934.00000000	96.49146788
1936.00000000	96.46249368
1938.00000000	96.25996815
1940.00000000	96.42302399
1942.00000000	96.44531528
1944.00000000	96.76790173
1946.00000000	96.80675032
1948.00000000	96.76578911
1950.00000000	96.78589262
1952.00000000	96.88555161
1954.00000000	97.12202645
1956.00000000	96.97367095
1958.00000000	96.92044783
1960.00000000	97.04514298
1962.00000000	97.02472883
1964.00000000	97.26198704
1966.00000000	97.17047348
1968.00000000	97.50822530
1970.00000000	97.07786326
1972.00000000	97.27614636
1974.00000000	97.42909576
1976.00000000	97.47905657
1978.00000000	97.76835701
1980.00000000	97.34449270
1982.00000000	97.61231627
1984.00000000	97.69958714
1986.00000000	97.51837260
1988.00000000	97.75616702
1990.00000000	97.74219961
1992.00000000	97.60933535
1994.00000000	97.82660331
1996.00000000	98.08732728
1998.00000000	97.98008570
2000.00000000	97.76170922
2002.00000000	98.24027937
2004.00000000	97.90340363
2006.00000000	98.27350425
2008.00000000	98.15955616
2010.00000000	98.27504637
2012.00000000	98.44132959
2014.00000000	98.12131141
2016.00000000	98.42205901
2018.00000000	98.32062378
2020.00000000	98.68136291
2022.00000000	98.71603447
2024.00000000	98.72762705
2026.00000000	98.68790408
2028.00000000	98.73453707
2030.00000000	98.69024244
2032.00000000	98.80375039
2034.00000000	98.79785477
2036.00000000	98.94830621
2038.00000000	99.21611087
2040.00000000	98.96846847
2042.00000000	99.03821611
2044.00000000	99.36771931
2046.00000000	99.07637732
2048.00000000	99.10219839
2050.00000000	99.28467498
2052.00000000	99.05533135
2054.00000000	99.58230279
2056.00000000	99.50154390
2058.00000000	99.50124677
2060.00000000	99.56827752
2062.00000000	99.61071405
2064.00000000	99.65334395
2066.00000000	99.85251301
2068.00000000	99.80687406
2070.00000000	99.95088336
2072.00000000	99.87990938
2074.00000000	100.00568474
2076.00000000	99.91602481
2078.00000000	100.05274277
2080.00000000	100.22336530
2082.00000000	99.97330710
2084.00000000	100.30902257
2086.00000000	100.74112382
2088.00000000	100.33539217
2090.00000000	100.32574415
2092.00000000	100.46612218
2094.00000000	100.22107838
2096.00000000	100.67220106
2098.00000000	100.70585556
2100.00000000	100.77095431
2102.00000000	100.89628278
2104.00000000	100.89930916
2106.00000000	101.05583250
2108.00000000	100.96369605
2110.00000000	101.02953439
2112.00000000	101.08820472
2114.00000000	101.41690154
2116.00000000	101.36979557
2118.00000000	101.50545011
2120.00000000	101.64316945
2122.00000000	101.88688530
2124.00000000	101.82606557
2126.00000000	102.07801201
2128.00000000	102.38893909
2130.00000000	102.34402631
2132.00000000	102.62812070
2134.00000000	102.97047345
2136.00000000	102.99774036
2138.00000000	103.48607303
2140.00000000	103.76100078
2142.00000000	104.06271874
2144.00000000	104.39491337
2146.00000000	104.84903554
2148.00000000	105.38168336
2150.00000000	106.01302653
2152.00000000	106.83857065
2154.00000000	107.35589349
2156.00000000	107.68031872
2158.00000000	108.59701068
2160.00000000	109.24899777
2162.00000000	110.24663788
2164.00000000	111.15781249
2166.00000000	112.30114045
2168.00000000	113.54266035
2170.00000000	114.72218769
2172.00000000	116.13254930
2174.00000000	117.41390291
2176.00000000	119.08578977
2178.00000000	120.67015716
2180.00000000	122.22303562
2182.00000000	124.02363998
2184.00000000	125.88516816
2186.00000000	127.90381499
2188.00000000	130.06611484
2190.00000000	132.46061561
2192.00000000	134.58906877
2194.00000000	136.83388103
2196.00000000	139.28597900
2198.00000000	141.96781925
2200.00000000	144.46055919
2202.00000000	146.99641396
2204.00000000	149.92728508
2206.00000000	152.46906387
2208.00000000	155.29029400
2210.00000000	158.02804101
2212.00000000	161.03225789
2214.00000000	163.87466997
2216.00000000	166.46102945
2218.00000000	169.13902476
2220.00000000	171.59405725
2222.00000000	174.47784678
2224.00000000	176.85768516
2226.00000000	179.15423845
2228.00000000	181.25279727
2230.00000000	183.51943255
2232.00000000	185.58748591
2234.00000000	187.35032191
2236.00000000	188.85871389
2238.00000000	190.29214518
2240.00000000	191.36008583
2242.00000000	192.54316339
2244.00000000	193.41035132
2246.00000000	194.18645128
2248.00000000	194.48547605
2250.00000000	194.72617593
2252.00000000	194.54948792
2254.00000000	194.33128374
2256.00000000	193.89387839
2258.00000000	193.26728168
2260.00000000	191.90860901
2262.00000000	190.98551817
2264.00000000	189.72449375
2266.00000000	188.20323459
2268.00000000	186.47012056
2270.00000000	184.53903028
2272.00000000	182.56714489
2274.00000000	180.54093461
2276.00000000	178.19557310
2278.00000000	175.93806348
2280.00000000	173.00942179
2282.00000000	170.85208704
2284.00000000	168.28585478
2286.00000000	165.67578335
2288.00000000	162.98581995
2290.00000000	160.61151277
2292.00000000	157.56400083
2294.00000000	155.06225611
2296.00000000	152.40747574
2298.00000000	149.69113885
2300.00000000	147.01435029
2302.00000000	144.72559077
2304.00000000	142.35907106
2306.00000000	139.66967753
2308.00000000	137.39108895
2310.00000000	135.41645868
2312.00000000	133.22715369
2314.00000000	131.13534790
2316.00000000	129.37299667
2318.00000000	127.58118033
2320.00000000	125.88655699
2322.00000000	124.22443558
2324.00000000	122.77160687
2326.00000000	121.18947872
2328.00000000	120.06102303
2330.00000000	118.83622887
2332.00000000	117.71480564
2334.00000000	116.58018260
2336.00000000	115.90864469
2338.00000000	114.74521245
2340.00000000	114.21578462
2342.00000000	113.47229125
2344.00000000	112.68169774
2346.00000000	112.20335190
2348.00000000	111.55727435
2350.00000000	111.06370162
2352.00000000	110.81855111
2354.00000000	110.30172410
2356.00000000	110.02784909
2358.00000000	109.57741446
2360.00000000	109.43824482
2362.00000000	109.24874214
2364.00000000	108.98777280
2366.00000000	108.75055296
2368.00000000	108.67273101
2370.00000000	108.57359798
2372.00000000	108.53929861
2374.00000000	108.51818682
2376.00000000	108.33436281
2378.00000000	108.24495887
2380.00000000	108.30457897
2382.00000000	108.23580601
2384.00000000	108.18113303
2386.00000000	108.36932153
2388.00000000	108.40680418
2390.00000000	108.37242926
2392.00000000	108.01216536
2394.00000000	108.30389320
2396.00000000	108.28466707
2398.00000000	108.55875784
2400.00000000	108.29193657
2402.00000000	108.39768143
2404.00000000	108.58868743
2406.00000000	108.47308536
2408.00000000	108.56708785
2410.00000000	108.65405553
2412.00000000	108.71942160
2414.00000000	108.72773924
2416.00000000	108.64479632
2418.00000000	108.74072057
2420.00000000	108.69273233
2422.00000000	108.73842753
2424.00000000	108.96410937
2426.00000000	108.84926970
2428.00000000	108.66334367
2430.00000000	108.99956987
2432.00000000	108.91714120
2434.00000000	109.07893352
2436.00000000	109.00210981
2438.00000000	109.12691009
2440.00000000	109.32674566
2442.00000000	109.15781141
2444.00000000	109.20721383
2446.00000000	109.34362143
2448.00000000	109.20315583
2450.00000000	109.26328163
2452.00000000	109.59797675
2454.00000000	109.59713162
2456.00000000	109.43871226
2458.00000000	109.55633495
2460.00000000	109.55970521
2462.00000000	109.50247970
2464.00000000	109.59039398
2466.00000000	109.65270363
2468.00000000	109.77723208
2470.00000000	109.85875384
2472.00000000	109.97339274
2474.00000000	109.92072451
2476.00000000	109.99749544
2478.00000000	109.85638527
2480.00000000	109.92240787
2482.00000000	110.04634480
2484.00000000	109.95322505
2486.00000000	109.88749936
2488.00000000	110.30438406
2490.00000000	110.03176688
2492.00000000	110.40790171
2494.00000000	110.40444789
2496.00000000	110.31513860
2498.00000000	110.20430493
2500.00000000	110.13404038
2502.00000000	110.28541207
2504.00000000	110.45828529
2506.00000000	110.68763732
2508.00000000	110.43400645
2510.00000000	110.65206404
2512.00000000	110.57062287
2514.00000000	110.64143689
2516.00000000	110.64245171
2518.00000000	110.78993444
2520.00000000	110.70623343
2522.00000000	110.79582845
2524.00000000	110.75043846
2526.00000000	110.81029101
2528.00000000	111.15204953
2530.00000000	111.04559537
2532.00000000	111.03561243
2534.00000000	110.71430137
2536.00000000	110.86103769
2538.00000000	111.09074126
2540.00000000	111.05933772
2542.00000000	111.02415544
2544.00000000	111.11438353
2546.00000000	111.25646303
2548.00000000	111.46187155
2550.00000000	111.15000109
2552.00000000	111.35081017
2554.00000000	111.38488080
2556.00000000	111.28765926
2558.00000000	111.57925670
2560.00000000	111.51489445
2562.00000000	111.41580992
2564.00000000	111.65218687
2566.00000000	111.51928603
2568.00000000	111.64972397
2570.00000000	111.53527583
2572.00000000	111.76899868
2574.00000000	111.75513877
2576.00000000	111.75386141
2578.00000000	111.85989312
2580.00000000	111.74370104
2582.00000000	111.67937819
2584.00000000	111.83629987
2586.00000000	111.89001788
2588.00000000	111.90865562
2590.00000000	111.87613983
2592.00000000	111.87029173
2594.00000000	112.12469138
2596.00000000	111.86043464
2598.00000000	112.04170515
2600.00000000	112.14121026
2602.00000000	112.07312135
2604.00000000	112.13656917
2606.00000000	112.25210980
2608.00000000	112.18526167
2610.00000000	112.08610313
2612.00000000	112.31431957
2614.00000000	112.26305364
2616.00000000	112.31609476
2618.00000000	112.41031036
2620.00000000	112.27759870
2622.00000000	112.49336169
2624.00000000	112.40423988
2626.00000000	112.49418680
2628.00000000	112.51296779
2630.00000000	112.54355397
2632.00000000	112.55175697
2634.00000000	112.64420457
2636.00000000	112.78639409
2638.00000000	112.59712041
2640.00000000	112.62309396
2642.00000000	112.70247073
2644.00000000	112.79883442
2646.00000000	112.99581970
2648.00000000	112.66983850
2650.00000000	112.73905614
2652.00000000	112.87535579
2654.00000000	112.59488285
2656.00000000	112.83357390
2658.00000000	112.96523375
2660.00000000	113.07305801
2662.00000000	112.98278850
2664.00000000	112.90133837
2666.00000000	113.19206963
2668.00000000	113.24995785
2670.00000000	113.12813034
2672.00000000	113.10209702
2674.00000000	113.09513696
2676.00000000	113.12650972
2678.00000000	113.10984290
2680.00000000	113.36771205
2682.00000000	113.01532321
2684.00000000	113.22175458
2686.00000000	113.16144442
2688.00000000	113.34069007
2690.00000000	113.24630251
2692.00000000	113.32032174
2694.00000000	113.22406639
2696.00000000	113.34739338
2698.00000000	113.40987382
2700.00000000	113.46570634
2702.00000000	113.46028114
2704.00000000	113.46764987
2706.00000000	113.61977215
2708.00000000	113.51244933
2710.00000000	113.74344082
2712.00000000	113.54795993
2714.00000000	113.73145370
2716.00000000	113.52282888
2718.00000000	113.72106833
2720.00000000	113.75545107
2722.00000000	113.87707557
2724.00000000	113.67349182
2726.00000000	113.80204844
2728.00000000	113.95696776
2730.00000000	114.00359114
2732.00000000	113.71057301
2734.00000000	113.83822811
2736.00000000	113.95152901
2738.00000000	113.97199003
2740.00000000	114.04322893
2742.00000000	113.98241767
2744.00000000	114.33760219
2746.00000000	114.09760845
2748.00000000	114.37512055
2750.00000000	114.25334180
2752.00000000	114.31051420
2754.00000000	114.60030122
2756.00000000	114.62751091
2758.00000000	114.83621976
2760.00000000	115.00336524
2762.00000000	115.17821455
2764.00000000	115.34180716
2766.00000000	115.44354675
2768.00000000	115.60999386
2770.00000000	115.89727046
2772.00000000	116.08360125
2774.00000000	116.07165393
2776.00000000	116.21607064
2778.00000000	116.79754108
2780.00000000	116.81351114
2782.00000000	117.32172658
2784.00000000	117.57712194
2786.00000000	118.05578057
2788.00000000	118.54215381
2790.00000000	118.89189490
2792.00000000	119.52109581
2794.00000000	119.81138689
2796.00000000	120.18136157
2798.00000000	120.93081924
2800.00000000	121.66626098
2802.00000000	122.12621642
2804.00000000	122.88965702
2806.00000000	123.83606827
2808.00000000	124.47492736
2810.00000000	125.45406647
2812.00000000	126.41909723
2814.00000000	127.13394309
2816.00000000	128.36600924
2818.00000000	129.33898840
2820.00000000	130.71336838
2822.00000000	131.98033720
2824.00000000	133.17005107
2826.00000000	134.32125741
2828.00000000	135.84974128
2830.00000000	137.34895307
2832.00000000	138.90734134
2834.00000000	140.53730723
2836.00000000	142.51538457
2838.00000000	144.13132824
2840.00000000	145.95986438
2842.00000000	147.87006151
2844.00000000	149.96818680
2846.00000000	151.79551400
2848.00000000	154.04564816
2850.00000000	156.33578849
2852.00000000	158.53718117
2854.00000000	160.76510256
2856.00000000	163.14258785
2858.00000000	165.45956919
2860.00000000	167.95032265
2862.00000000	170.47639896
2864.00000000	173.18895765
2866.00000000	175.68519527
2868.00000000	178.18369769
2870.00000000	180.71276582
2872.00000000	183.21504750
2874.00000000	185.86588052
2876.00000000	188.71764760
2878.00000000	191.47401970
2880.00000000	194.29131499
2882.00000000	196.76751981
2884.00000000	199.23450526
2886.00000000	201.84145076
2888.00000000	204.34860228
2890.00000000	206.86631146
2892.00000000	209.35855991
2894.00000000	211.67759366
2896.00000000	213.85453103
2898.00000000	216.22477075
2900.00000000	218.04751629
2902.00000000	219.99030631
2904.00000000	222.06604932
2906.00000000	223.89943169
2908.00000000	225.58092632
2910.00000000	227.00404175
2912.00000000	228.46346940
2914.00000000	229.72427162
2916.00000000	230.80634131
2918.00000000	231.90558005
2920.00000000	232.80872548
2922.00000000	233.36341496
2924.00000000	234.34135801
2926.00000000	234.39299062
2928.00000000	234.71488406
2930.00000000	234.86103949
2932.00000000	234.80246721
2934.00000000	234.34869451
2936.00000000	234.06502434
2938.00000000	233.46384766
2940.00000000	232.72361864
2942.00000000	231.95746979
2944.00000000	230.87205695
2946.00000000	229.75037425
2948.00000000	228.50028397
2950.00000000	227.12444006
2952.00000000	225.56272991
2954.00000000	223.74204707
2956.00000000	222.41077485
2958.00000000	220.05261785
2960.00000000	218.06474851
2962.00000000	216.35036025
2964.00000000	213.92172701
2966.00000000	211.70850431
2968.00000000	209.40662555
2970.00000000	206.98078407
2972.00000000	204.34539251
2974.00000000	202.03581627
2976.00000000	199.59622325
2978.00000000	196.87105702
2980.00000000	194.19430035
2982.00000000	191.56538144
2984.00000000	188.72913386
2986.00000000	186.32380809
2988.00000000	183.74950303
2990.00000000	181.27890080
2992.00000000	178.51028576
2994.00000000	175.66898931
2996.00000000	173.10057437
2998.00000000	170.71632303
3000.00000000	168.01625266
3002.00000000	165.85951737
3004.00000000	163.22871821
3006.00000000	161.14545856
3008.00000000	158.55398174
3010.00000000	156.74785114
3012.00000000	154.31286459
3014.00000000	152.38369325
3016.00000000	150.10798326
3018.00000000	148.17113799
3020.00000000	146.21986504
3022.00000000	144.48705020
3024.00000000	142.75617613
3026.00000000	140.95900212
3028.00000000	139.28404769
3030.00000000	137.64394439
3032.00000000	136.34857795
3034.00000000	134.86532846
3036.00000000	133.59295054
3038.00000000	132.26568817
3040.00000000	131.06879351
3042.00000000	129.73404464
3044.00000000	128.72222702
3046.00000000	127.74543877
3048.00000000	126.55246123
3050.00000000	126.10899154
3052.00000000	125.22625266
3054.00000000	124.48397180
3056.00000000	123.29838366
3058.00000000	122.70821118
3060.00000000	122.29679997
3062.00000000	121.66439045
3064.00000000	121.04907898
3066.00000000	120.49750372
3068.00000000	119.90711605
3070.00000000	119.33919250
3072.00000000	118.97755360
3074.00000000	118.78742446
3076.00000000	118.11634901
3078.00000000	117.95260649
3080.00000000	117.50691950
3082.00000000	117.33203523
3084.00000000	117.27773814
3086.00000000	116.89103517
3088.00000000	116.59308457
3090.00000000	116.57295495
3092.00000000	116.19733069
3094.00000000	115.92720193
3096.00000000	115.98364823
3098.00000000	115.98264392
3100.00000000	115.74774294
3102.00000000	115.58942254
3104.00000000	115.82083360
3106.00000000	115.40765271
3108.00000000	115.32409971
3110.00000000	115.18725641
3112.00000000	115.09040764
3114.00000000	115.06514035
3116.00000000	115.07367718
3118.00000000	114.60419088
3120.00000000	114.84959095
3122.00000000	114.88547711
3124.00000000	114.83752288
3126.00000000	115.04616202
3128.00000000	114.80384328
3130.00000000	114.66713975
3132.00000000	114.72814895
3134.00000000	114.71345210
3136.00000000	114.80842317
3138.00000000	114.71905232
3140.00000000	114.64508524
3142.00000000	114.77742167
3144.00000000	114.53747631
3146.00000000	114.72129875
3148.00000000	114.57872984
3150.00000000	114.67123725
3152.00000000	114.40254057
3154.00000000	114.69774018
3156.00000000	114.51320445
3158.00000000	114.54351630
3160.00000000	114.77865481
3162.00000000	114.65493232
3164.00000000	114.59340535
3166.00000000	114.59552507
3168.00000000	114.64926930
3170.00000000	114.66047975
3172.00000000	114.55228551
3174.00000000	114.73589685
3176.00000000	114.52009457
3178.00000000	114.72772533
3180.00000000	114.67348525
3182.00000000	114.61167132
3184.00000000	114.54576963
3186.00000000	114.43870014
3188.00000000	114.55401549
3190.00000000	114.51048642
3192.00000000	114.58734363
3194.00000000	114.35257298
3196.00000000	114.40509937
3198.00000000	114.31361993
3200.00000000	114.61017428
3202.00000000	114.26021361
3204.00000000	114.58742254
3206.00000000	114.50502592
3208.00000000	114.55097876
3210.00000000	114.32748782
3212.00000000	114.55090459
3214.00000000	114.30305951
3216.00000000	114.45318166
3218.00000000	114.58242208
3220.00000000	114.39003081
3222.00000000	114.53328967
3224.00000000	114.39085173
3226.00000000	114.34102381
3228.00000000	114.37996365
3230.00000000	114.56521050
3232.00000000	114.27023029
3234.00000000	114.42526652
3236.00000000	114.38959733
3238.00000000	114.44256257
3240.00000000	114.42370767
3242.00000000	114.34940333
3244.00000000	114.42520808
3246.00000000	114.49184950
3248.00000000	114.43113789
3250.00000000	114.54756516
3252.00000000	114.23275881
3254.00000000	114.49937059
3256.00000000	114.26805744
3258.00000000	114.22338676
3260.00000000	114.31521022
3262.00000000	114.21816886
3264.00000000	114.57588511
3266.00000000	114.39191454
3268.00000000	114.10830998
3270.00000000	114.28518197
3272.00000000	114.56974436
3274.00000000	114.20130791
3276.00000000	114.22416565
3278.00000000	114.30764736
3280.00000000	114.26941248
3282.00000000	114.20351549
3284.00000000	114.17039224
3286.00000000	114.14802469
3288.00000000	114.03901213
3290.00000000	114.09002644
3292.00000000	114.24810501
3294.00000000	114.20391906
3296.00000000	114.28026938
3298.00000000	114.39367621
3300.00000000	114.29755201
