500.00000000	86.91787326
502.00000000	86.96683170
504.00000000	86.98682655
506.00000000	87.19287624
508.00000000	87.17269357
510.00000000	87.16059335
512.00000000	87.26569837
514.00000000	87.15697110
516.00000000	87.17390754
518.00000000	87.09971147
520.00000000	87.14552113
522.00000000	87.33280883
524.00000000	87.21663173
526.00000000	87.31118708
528.00000000	87.24341820
530.00000000	87.59195334
532.00000000	87.34065609
534.00000000	87.27764481
536.00000000	87.61741543
538.00000000	87.38927378
540.00000000	87.63906774
542.00000000	87.61188460
544.00000000	87.40101305
546.00000000	87.47990157
548.00000000	87.49527979
550.00000000	87.63630569
552.00000000	87.61036636
554.00000000	87.63238236
556.00000000	87.79518617
558.00000000	87.62420156
560.00000000	87.73307131
562.00000000	87.96222784
564.00000000	87.87191920
566.00000000	87.91492749
568.00000000	87.85041167
570.00000000	87.86133523
572.00000000	87.64253245
574.00000000	87.68424876
576.00000000	88.00410924
578.00000000	87.86595578
580.00000000	87.85879012
582.00000000	87.91240758
584.00000000	88.03180672
586.00000000	87.75318515
588.00000000	88.07556591
590.00000000	88.02118379
592.00000000	88.04141745
594.00000000	87.85857988
596.00000000	88.09498287
598.00000000	87.96826745
600.00000000	88.10584577
602.00000000	88.26916959
604.00000000	88.18500944
606.00000000	88.38994414
608.00000000	88.05281680
610.00000000	88.09872968
612.00000000	88.09282457
614.00000000	88.36760355
616.00000000	88.46810550
618.00000000	88.15037107
620.00000000	88.19125789
622.00000000	88.30171353
624.00000000	88.28930094
626.00000000	88.39801006
628.00000000	88.31020317
630.00000000	88.51233048
632.00000000	88.46387558
634.00000000	88.37575670
636.00000000	88.26791697
638.00000000	88.40474257
640.00000000	88.74189052
642.00000000	88.23665597
644.00000000	88.29357448
646.00000000	88.41652140
648.00000000	88.59786057
650.00000000	88.53704301
652.00000000	88.52418415
654.00000000	88.66750993
656.00000000	88.45319744
658.00000000	88.46142000
660.00000000	88.50431359
662.00000000	88.43780685
664.00000000	88.69830725
666.00000000	88.58234092
668.00000000	88.73418608
670.00000000	88.50861928
672.00000000	88.65090575
674.00000000	88.81292542
676.00000000	88.82911058
678.00000000	88.68905573
680.00000000	88.92033661
682.00000000	88.91289324
684.00000000	89.37960309
686.00000000	89.60642039
688.00000000	89.79081430
690.00000000	90.59509262
692.00000000	91.78542656
694.00000000	92.84195581
696.00000000	94.62953205
698.00000000	97.03220460
700.00000000	100.02119938
702.00000000	104.04064766
704.00000000	108.63442093
706.00000000	114.41965291
708.00000000	121.30155802
710.00000000	128.96179672
712.00000000	137.64503840
714.00000000	146.93719833
716.00000000	156.68614755
718.00000000	166.20137620
720.00000000	175.30985019
722.00000000	183.94346515
724.00000000	190.82593919
726.00000000	196.05874766
728.00000000	199.52543172
730.00000000	200.71685649
732.00000000	199.45650972
734.00000000	196.29527365
736.00000000	191.05482926
738.00000000	183.79983974
740.00000000	175.52107221
742.00000000	166.21920737
744.00000000	156.69848779
746.00000000	147.22941784
748.00000000	137.85729992
750.00000000	129.25984970
752.00000000	121.51019390
754.00000000	114.50142361
756.00000000	108.82225836
758.00000000	104.05887775
760.00000000	100.25228556
762.00000000	97.07064569
764.00000000	94.84000637
766.00000000	93.20154011
768.00000000	91.89586457
770.00000000	91.01623082
772.00000000	90.27163368
774.00000000	89.95612852
776.00000000	89.83401689
778.00000000	89.32970616
780.00000000	89.19096811
782.00000000	89.26587852
784.00000000	89.39912801
786.00000000	89.28131507
788.00000000	89.29373698
790.00000000	89.05843940
792.00000000	89.08221283
794.00000000	89.13169565
796.00000000	88.98029328
798.00000000	89.15952887
800.00000000	89.21605091
802.00000000	89.04374147
804.00000000	89.21051924
806.00000000	89.07332115
808.00000000	89.32723994
810.00000000	89.20939631
812.00000000	89.13729016
814.00000000	89.31973670
816.00000000	89.11077870
818.00000000	89.16394837
820.00000000	89.07034177
822.00000000	89.31163179
824.00000000	89.25045328
826.00000000	89.19964290
828.00000000	89.19955636
830.00000000	89.27692299
832.00000000	89.15547625
834.00000000	89.15554428
836.00000000	89.15557768
838.00000000	89.29165827
840.00000000	89.13921587
842.00000000	88.93619059
844.00000000	89.07488886
846.00000000	89.22274716
848.00000000	89.20688867
850.00000000	89.47312677
852.00000000	89.16527287
854.00000000	89.24493427
856.00000000	89.06737590
858.00000000	89.08498296
860.00000000	89.27851245
862.00000000	89.18961925
864.00000000	89.12924194
866.00000000	89.30415210
868.00000000	89.26341633
870.00000000	89.27713721
872.00000000	89.24122195
874.00000000	89.17923700
876.00000000	89.47443323
878.00000000	89.18198328
880.00000000	89.14357252
882.00000000	89.24882337
884.00000000	89.13642342
886.00000000	89.36009839
888.00000000	89.11375281
890.00000000	89.31093717
892.00000000	89.22333082
894.00000000	89.02840196
896.00000000	89.38739263
898.00000000	89.10354584
900.00000000	89.29696694
902.00000000	89.14288899
904.00000000	89.04409947
906.00000000	89.09031576
908.00000000	89.25877387
910.00000000	89.27868129
912.00000000	89.30922890
914.00000000	88.94600746
916.00000000	89.23023455
918.00000000	89.09286700
920.00000000	89.34416641
922.00000000	89.31871286
924.00000000	89.65133475
926.00000000	89.36277248
928.00000000	89.50656724
930.00000000	89.88673453
932.00000000	89.86997477
934.00000000	90.02676089
936.00000000	90.65478234
938.00000000	91.03678057
940.00000000	91.64479213
942.00000000	92.23102006
944.00000000	92.91127559
946.00000000	94.01469320
948.00000000	94.92565761
950.00000000	96.16344363
952.00000000	97.97354077
954.00000000	99.93382067
956.00000000	102.26952610
958.00000000	104.48184624
960.00000000	107.65879597
962.00000000	110.71758192
964.00000000	114.45896027
966.00000000	118.34143100
968.00000000	122.70913481
970.00000000	127.15555193
972.00000000	131.94388226
974.00000000	136.85571261
976.00000000	142.18152796
978.00000000	147.64999110
980.00000000	152.81768852
982.00000000	157.93059855
984.00000000	162.92228274
986.00000000	167.63539548
988.00000000	172.19993462
990.00000000	176.06684504
992.00000000	179.24476454
994.00000000	181.97271604
996.00000000	183.88982251
998.00000000	184.93883544
1000.00000000	185.36751700
1002.00000000	185.02921135
1004.00000000	183.74780094
1006.00000000	181.83079894
1008.00000000	179.15639152
1010.00000000	176.01650001
1012.00000000	171.91773033
1014.00000000	167.48816957
1016.00000000	163.04049201
1018.00000000	158.04099306
1020.00000000	152.59037788
1022.00000000	147.40204755
1024.00000000	141.94777113
1026.00000000	136.76876473
1028.00000000	131.76693660
1030.00000000	127.03576626
1032.00000000	122.35250386
1034.00000000	118.13365682
1036.00000000	114.28578795
1038.00000000	110.37241300
1040.00000000	107.25285636
1042.00000000	104.50257756
1044.00000000	101.87341900
1046.00000000	99.51649647
1048.00000000	97.77243661
1050.00000000	96.12564770
1052.00000000	94.87872681
1054.00000000	93.65352695
1056.00000000	92.64365303
1058.00000000	91.75284643
1060.00000000	91.06388217
1062.00000000	90.64943998
1064.00000000	90.19934944
1066.00000000	89.72550625
1068.00000000	89.53107595
1070.00000000	89.58926872
1072.00000000	89.51579427
1074.00000000	89.37181407
1076.00000000	88.70894082
1078.00000000	88.88696966
1080.00000000	88.71399143
1082.00000000	88.93090214
1084.00000000	88.91061850
1086.00000000	88.82915443
1088.00000000	88.71690836
1090.00000000	88.80053006
1092.00000000	88.76611123
1094.00000000	88.81221798
1096.00000000	88.80691759
1098.00000000	88.77288541
1100.00000000	88.61316418
1102.00000000	88.79624464
1104.00000000	88.97799472
1106.00000000	88.89867860
1108.00000000	88.71553746
1110.00000000	88.61857703
1112.00000000	88.82529744
1114.00000000	88.67841417
1116.00000000	88.80136445
1118.00000000	88.71196434
1120.00000000	88.76808616
1122.00000000	88.74953470
1124.00000000	88.68714509
1126.00000000	88.94358106
1128.00000000	88.68673772
1130.00000000	88.46885209
1132.00000000	88.61661986
1134.00000000	88.60207820
1136.00000000	88.49556781
1138.00000000	88.56099856
1140.00000000	88.49476900
1142.00000000	88.58106656
1144.00000000	88.75446297
1146.00000000	88.35528699
1148.00000000	88.58363425
1150.00000000	88.66671588
1152.00000000	88.79785766
1154.00000000	88.14139480
1156.00000000	88.50917249
1158.00000000	88.43217737
1160.00000000	88.71627250
1162.00000000	88.67995698
1164.00000000	88.47238263
1166.00000000	88.53163669
1168.00000000	88.89240468
1170.00000000	88.56941672
1172.00000000	88.49242228
1174.00000000	88.75629000
1176.00000000	88.50711405
1178.00000000	88.61128098
1180.00000000	88.38986003
1182.00000000	88.52199469
1184.00000000	88.51539316
1186.00000000	88.63006764
1188.00000000	88.37366725
1190.00000000	88.38917998
1192.00000000	88.70048850
1194.00000000	88.43723461
1196.00000000	88.47843604
1198.00000000	88.49337545
1200.00000000	88.49196970
1202.00000000	88.30111426
1204.00000000	88.53696266
1206.00000000	88.45263020
1208.00000000	88.18600668
1210.00000000	88.47499056
1212.00000000	88.62167561
1214.00000000	88.52742728
1216.00000000	88.58191572
1218.00000000	88.42530716
1220.00000000	88.47708320
1222.00000000	88.57337885
1224.00000000	88.54509876
1226.00000000	88.35305878
1228.00000000	88.62952503
1230.00000000	88.62213257
1232.00000000	88.27129065
1234.00000000	88.59756441
1236.00000000	88.48774589
1238.00000000	88.55059904
1240.00000000	88.49990249
1242.00000000	88.31051387
1244.00000000	88.48141885
1246.00000000	88.61907233
1248.00000000	88.45350995
1250.00000000	88.53357359
1252.00000000	88.38526457
1254.00000000	88.56454401
1256.00000000	88.54008408
1258.00000000	88.46268596
1260.00000000	88.32743675
1262.00000000	88.64511607
1264.00000000	88.35007929
1266.00000000	88.51465123
1268.00000000	88.70600350
1270.00000000	88.35199722
1272.00000000	88.38259667
1274.00000000	88.23444670
1276.00000000	88.38829052
1278.00000000	88.58719944
1280.00000000	88.42492017
1282.00000000	88.25989406
1284.00000000	88.51506869
1286.00000000	88.44181897
1288.00000000	88.35794747
1290.00000000	88.49972885
1292.00000000	88.47267093
1294.00000000	88.56263367
1296.00000000	88.24321242
1298.00000000	88.29619510
1300.00000000	88.49422165
1302.00000000	88.44452714
1304.00000000	88.45639236
1306.00000000	88.38813875
1308.00000000	88.40207247
1310.00000000	88.40405263
1312.00000000	88.20113420
1314.00000000	88.36412884
1316.00000000	88.58598906
1318.00000000	88.35754330
1320.00000000	88.24656183
1322.00000000	88.43892162
1324.00000000	88.29740567
1326.00000000	88.47832773
1328.00000000	88.52341812
1330.00000000	88.55432432
1332.00000000	88.56720053
1334.00000000	88.49046948
1336.00000000	88.63089265
1338.00000000	88.71991020
1340.00000000	88.52382813
1342.00000000	88.65156647
1344.00000000	88.54013347
1346.00000000	88.52737313
1348.00000000	88.60229807
1350.00000000	88.59331718
1352.00000000	88.38743829
1354.00000000	88.63172892
1356.00000000	88.68607160
1358.00000000	88.58105502
1360.00000000	88.78704041
1362.00000000	88.81328253
1364.00000000	88.79926415
1366.00000000	88.94667821
1368.00000000	88.94554615
1370.00000000	89.37564335
1372.00000000	89.45554146
1374.00000000	89.54816712
1376.00000000	89.95932790
1378.00000000	90.20134096
1380.00000000	90.68936930
1382.00000000	91.01877825
1384.00000000	91.82993442
1386.00000000	92.39328336
1388.00000000	92.83283783
1390.00000000	93.93567390
1392.00000000	95.07892972
1394.00000000	96.22094528
1396.00000000	97.44027169
1398.00000000	99.07121729
1400.00000000	100.71229802
1402.00000000	102.45885986
1404.00000000	104.55264629
1406.00000000	106.95445261
1408.00000000	109.25983030
1410.00000000	111.93222296
1412.00000000	114.89961080
1414.00000000	117.95192783
1416.00000000	121.07863264
1418.00000000	124.44954009
1420.00000000	127.91397056
1422.00000000	131.36880911
1424.00000000	134.98307700
1426.00000000	138.48434029
1428.00000000	141.87117388
1430.00000000	145.56812272
1432.00000000	148.66034264
1434.00000000	151.59803910
1436.00000000	154.63312733
1438.00000000	157.37299999
1440.00000000	159.58489123
1442.00000000	161.57922467
1444.00000000	163.03021166
1446.00000000	164.09171129
1448.00000000	164.69210770
1450.00000000	165.03153862
1452.00000000	164.88067748
1454.00000000	164.23770554
1456.00000000	163.01339735
1458.00000000	161.62299504
1460.00000000	159.58568245
1462.00000000	157.36750170
1464.00000000	154.94388305
1466.00000000	151.75791882
1468.00000000	148.93252929
1470.00000000	145.78218523
1472.00000000	142.14147837
1474.00000000	138.73292684
1476.00000000	135.14114685
1478.00000000	131.53123607
1480.00000000	128.12897448
1482.00000000	124.79463623
1484.00000000	121.42115066
1486.00000000	118.27947465
1488.00000000	115.40637199
1490.00000000	112.43101404
1492.00000000	110.06970989
1494.00000000	107.50741734
1496.00000000	105.42379627
1498.00000000	103.00521803
1500.00000000	101.17586753
1502.00000000	99.59812518
1504.00000000	98.14103960
1506.00000000	96.76145653
1508.00000000	95.65362630
1510.00000000	94.71957612
1512.00000000	93.64235522
1514.00000000	93.01839995
1516.00000000	92.46277271
1518.00000000	91.69519183
1520.00000000	91.48332123
1522.00000000	90.89776963
1524.00000000	90.69560671
1526.00000000	90.53287734
1528.00000000	89.97029175
1530.00000000	90.18968545
1532.00000000	89.96597604
1534.00000000	90.08723345
1536.00000000	90.02317569
1538.00000000	89.68561514
1540.00000000	90.18636413
1542.00000000	89.88593643
1544.00000000	89.79393330
1546.00000000	89.87133048
1548.00000000	89.56388808
1550.00000000	89.65184595
1552.00000000	89.52327040
1554.00000000	89.78313715
1556.00000000	89.88643691
1558.00000000	89.92718893
1560.00000000	89.93333747
1562.00000000	89.94212249
1564.00000000	89.84052376
1566.00000000	89.94311135
1568.00000000	89.76476377
1570.00000000	90.03202532
1572.00000000	90.08718798
1574.00000000	89.85332995
1576.00000000	90.11336805
1578.00000000	89.84500938
1580.00000000	89.97740750
1582.00000000	90.28354238
1584.00000000	90.28260314
1586.00000000	90.19515607
1588.00000000	90.54455363
1590.00000000	90.73046716
1592.00000000	91.01463623
1594.00000000	91.45710944
1596.00000000	91.54532472
1598.00000000	92.16501764
1600.00000000	92.84639024
1602.00000000	93.76129342
1604.00000000	94.69415776
1606.00000000	95.68284134
1608.00000000	96.95344444
1610.00000000	98.33674883
1612.00000000	100.31754581
1614.00000000	102.40840718
1616.00000000	104.82763731
1618.00000000	107.36766190
1620.00000000	110.06921491
1622.00000000	113.33199149
1624.00000000	116.72061352
1626.00000000	120.15904578
1628.00000000	123.95770579
1630.00000000	127.65924654
1632.00000000	131.27997533
1634.00000000	134.75836416
1636.00000000	138.25554294
1638.00000000	141.66873275
1640.00000000	144.29716216
1642.00000000	147.03146095
1644.00000000	148.89070470
1646.00000000	150.63561506
1648.00000000	151.35200256
1650.00000000	151.90450680
1652.00000000	151.52933785
1654.00000000	150.48204905
1656.00000000	149.30528422
1658.00000000	147.28313979
1660.00000000	144.65050879
1662.00000000	141.96880054
1664.00000000	138.63269464
1666.00000000	135.36397782
1668.00000000	131.77318338
1670.00000000	127.90286834
1672.00000000	124.39589392
1674.00000000	121.06007234
1676.00000000	117.33607624
1678.00000000	113.98277306
1680.00000000	110.98376201
1682.00000000	108.22530124
1684.00000000	105.69240019
1686.00000000	103.60763822
1688.00000000	101.54119078
1690.00000000	99.77100633
1692.00000000	97.92693411
1694.00000000	96.86183296
1696.00000000	95.94692128
1698.00000000	95.06558693
1700.00000000	94.06295150
1702.00000000	93.59424153
1704.00000000	93.20444058
1706.00000000	93.05438077
1708.00000000	92.72409276
1710.00000000	92.52980595
1712.00000000	92.28537464
1714.00000000	92.35363349
1716.00000000	92.05875069
1718.00000000	92.11881565
1720.00000000	91.94562775
1722.00000000	92.33990108
1724.00000000	92.08166766
1726.00000000	92.07304524
1728.00000000	91.93835871
1730.00000000	92.15035933
1732.00000000	92.12584503
1734.00000000	92.21561468
1736.00000000	92.06609689
1738.00000000	92.18947746
1740.00000000	92.31947599
1742.00000000	92.39784137
1744.00000000	92.39701613
1746.00000000	92.23726514
1748.00000000	92.37557941
1750.00000000	92.53465090
1752.00000000	92.67824089
1754.00000000	92.76221412
1756.00000000	92.56046149
1758.00000000	92.66792998
1760.00000000	92.52159888
1762.00000000	92.56482367
1764.00000000	92.79526668
1766.00000000	92.72563227
1768.00000000	92.71707072
1770.00000000	93.02840195
1772.00000000	92.73846875
1774.00000000	92.82999397
1776.00000000	92.95824512
1778.00000000	93.02412826
1780.00000000	92.97298431
1782.00000000	92.97186287
1784.00000000	93.00579426
1786.00000000	93.29773769
1788.00000000	92.98508921
1790.00000000	93.08192539
1792.00000000	93.46518424
1794.00000000	93.33214483
1796.00000000	93.37410064
1798.00000000	93.46514308
1800.00000000	93.23842312
1802.00000000	93.31513122
1804.00000000	93.61080193
1806.00000000	93.51758363
1808.00000000	93.52032124
1810.00000000	93.50844850
1812.00000000	93.55693308
1814.00000000	93.88431052
1816.00000000	93.66436236
1818.00000000	93.89239609
1820.00000000	94.00758370
1822.00000000	93.87186443
1824.00000000	94.16790617
1826.00000000	94.05699641
1828.00000000	94.14807779
1830.00000000	94.15544735
1832.00000000	94.18470272
1834.00000000	94.23539603
1836.00000000	94.14322820
1838.00000000	94.34472949
1840.00000000	94.22657329
1842.00000000	94.20098618
1844.00000000	94.39163061
1846.00000000	94.43940481
1848.00000000	94.46235127
1850.00000000	94.30774610
1852.00000000	94.34842345
1854.00000000	94.58050564
1856.00000000	94.74778332
1858.00000000	94.76344128
1860.00000000	94.73807746
1862.00000000	94.87550224
1864.00000000	94.69753315
1866.00000000	94.75630854
1868.00000000	94.92017115
1870.00000000	94.98742007
1872.00000000	94.77388215
1874.00000000	94.95084160
1876.00000000	95.10571096
1878.00000000	95.14995092
1880.00000000	94.92331330
1882.00000000	95.12443949
1884.00000000	95.18797541
1886.00000000	95.32022274
1888.00000000	95.39946407
1890.00000000	95.42188294
1892.00000000	95.37499187
1894.00000000	95.62342873
1896.00000000	95.58708864
1898.00000000	95.46205108
1900.00000000	95.79003121
1902.00000000	95.79503427
1904.00000000	95.63119052
1906.00000000	95.79125024
1908.00000000	95.55778037
1910.00000000	95.75484501
1912.00000000	96.06654951
1914.00000000	95.84134749
1916.00000000	96.10372479
1918.00000000	95.92442161
1920.00000000	95.87192138
1922.00000000	96.26036352
1924.00000000	95.97693263
1926.00000000	96.10528787
1928.00000000	96.37585588
1930.00000000	96.32323502
1932.00000000	96.53973578
1934.00000000	96.36618797
1936.00000000	96.37116420
1938.00000000	96.36666417
1940.00000000	96.53249653
1942.00000000	96.65477707
1944.00000000	96.70231873
1946.00000000	96.73499306
1948.00000000	96.73294598
1950.00000000	96.89165436
1952.00000000	96.93712159
1954.00000000	96.73459886
1956.00000000	96.67708631
1958.00000000	97.12258828
1960.00000000	97.16114248
1962.00000000	97.00096408
1964.00000000	97.10475635
1966.00000000	97.25906209
1968.00000000	97.27576563
1970.00000000	97.27040554
1972.00000000	97.31287696
1974.00000000	97.23566306
1976.00000000	97.35985818
1978.00000000	97.30810073
1980.00000000	97.57838974
1982.00000000	97.63822906
1984.00000000	97.57807392
1986.00000000	97.60347284
1988.00000000	97.84838819
1990.00000000	97.73527802
1992.00000000	97.72413194
1994.00000000	97.79402839
1996.00000000	97.84720427
1998.00000000	98.11180265
2000.00000000	98.04919567
2002.00000000	97.97742509
2004.00000000	98.28679314
2006.00000000	98.12957055
2008.00000000	98.28669102
2010.00000000	98.38288842
2012.00000000	98.34782336
2014.00000000	98.63765760
2016.00000000	98.37870586
2018.00000000	98.47620859
2020.00000000	98.40513489
2022.00000000	98.65260195
2024.00000000	98.61708473
2026.00000000	98.90295778
2028.00000000	98.91117575
2030.00000000	98.80319448
2032.00000000	98.66772637
2034.00000000	99.01948630
2036.00000000	99.13000543
2038.00000000	99.16711832
2040.00000000	98.97128997
2042.00000000	99.09562417
2044.00000000	99.15869964
2046.00000000	99.22996546
2048.00000000	99.52868323
2050.00000000	99.28821917
2052.00000000	99.31117478
2054.00000000	99.40574760
2056.00000000	99.70688004
2058.00000000	99.55157119
2060.00000000	99.35214984
2062.00000000	99.78185525
2064.00000000	99.89421041
2066.00000000	99.77035560
2068.00000000	99.72978289
2070.00000000	99.88642964
2072.00000000	99.78208943
2074.00000000	99.82149676
2076.00000000	100.06518435
2078.00000000	100.19509522
2080.00000000	100.24284324
2082.00000000	100.11562259
2084.00000000	100.39963061
2086.00000000	100.37624243
2088.00000000	100.29438504
2090.00000000	100.27163004
2092.00000000	100.63068948
2094.00000000	100.54133744
2096.00000000	100.68070224
2098.00000000	100.49858948
2100.00000000	100.69959985
2102.00000000	100.88856157
2104.00000000	101.02747323
2106.00000000	101.07985391
2108.00000000	101.03909223
2110.00000000	101.21322643
2112.00000000	101.17096852
2114.00000000	101.34360245
2116.00000000	101.50605837
2118.00000000	101.66171846
2120.00000000	101.56727425
2122.00000000	101.87594427
2124.00000000	101.84643558
2126.00000000	101.96742150
2128.00000000	102.36672950
2130.00000000	102.69521559
2132.00000000	102.61870521
2134.00000000	103.00851948
2136.00000000	103.14051872
2138.00000000	103.44911091
2140.00000000	103.73535161
2142.00000000	103.98856738
2144.00000000	104.55846837
2146.00000000	104.98433506
2148.00000000	105.35674156
2150.00000000	105.96977296
2152.00000000	106.59409454
2154.00000000	107.36428702
2156.00000000	107.75835654
2158.00000000	108.67651392
2160.00000000	109.35059864
2162.00000000	110.39301484
2164.00000000	111.58873522
2166.00000000	112.50189971
2168.00000000	113.68869982
2170.00000000	114.96054608
2172.00000000	116.20235489
2174.00000000	117.74334634
2176.00000000	119.15819512
2178.00000000	120.54080820
2180.00000000	122.41071404
2182.00000000	124.36025424
2184.00000000	126.42814480
2186.00000000	128.29485080
2188.00000000	130.74333534
2190.00000000	132.68819159
2192.00000000	134.94284587
2194.00000000	137.23654622
2196.00000000	139.99149520
2198.00000000	142.42377294
2200.00000000	145.08771364
2202.00000000	147.80275876
2204.00000000	150.66573181
2206.00000000	153.43167824
2208.00000000	156.12216028
2210.00000000	158.99120135
2212.00000000	161.93642781
2214.00000000	164.55995717
2216.00000000	167.44371036
2218.00000000	170.05138534
2220.00000000	172.87100107
2222.00000000	175.34652862
2224.00000000	177.76213118
2226.00000000	180.40330771
2228.00000000	182.59084487
2230.00000000	185.06704307
2232.00000000	186.72596395
2234.00000000	188.59413632
2236.00000000	190.33576183
2238.00000000	191.67327421
2240.00000000	192.81653108
2242.00000000	193.88743296
2244.00000000	195.16004954
2246.00000000	195.51429688
2248.00000000	195.93920765
2250.00000000	195.98121018
2252.00000000	195.81927583
2254.00000000	195.59838558
2256.00000000	194.94798578
2258.00000000	194.25660219
2260.00000000	193.45312022
2262.00000000	192.16722715
2264.00000000	191.08487289
2266.00000000	189.50923343
2268.00000000	187.67410419
2270.00000000	185.79945763
2272.00000000	183.66561954
2274.00000000	181.46218380
2276.00000000	179.40069483
2278.00000000	176.75445628
2280.00000000	174.52172483
2282.00000000	171.84710770
2284.00000000	169.28999481
2286.00000000	166.56446628
2288.00000000	163.88458277
2290.00000000	161.11393692
2292.00000000	158.44808761
2294.00000000	155.65978404
2296.00000000	152.99000053
2298.00000000	150.30277129
2300.00000000	147.76128374
2302.00000000	144.98268516
2304.00000000	142.65750370
2306.00000000	140.26379519
2308.00000000	138.09701551
2310.00000000	135.80441881
2312.00000000	133.69366668
2314.00000000	131.72849864
2316.00000000	129.57388732
2318.00000000	128.15910364
2320.00000000	126.15739274
2322.00000000	124.65976026
2324.00000000	122.99323419
2326.00000000	121.75244555
2328.00000000	120.26362208
2330.00000000	119.02561316
2332.00000000	117.95535687
2334.00000000	116.89544473
2336.00000000	115.91839062
2338.00000000	115.08285003
2340.00000000	114.07718202
2342.00000000	113.37405036
2344.00000000	112.66118540
2346.00000000	112.12746126
2348.00000000	111.71320190
2350.00000000	111.26794395
2352.00000000	110.61235176
2354.00000000	110.22903957
2356.00000000	109.95661953
2358.00000000	109.60924608
2360.00000000	109.34437772
2362.00000000	109.35622812
2364.00000000	108.82731894
2366.00000000	109.00316408
2368.00000000	108.60812233
2370.00000000	108.63469012
2372.00000000	108.58453602
2374.00000000	108.44741026
2376.00000000	108.28489751
2378.00000000	108.37191606
2380.00000000	108.23426267
2382.00000000	108.24529237
2384.00000000	108.09313162
2386.00000000	108.34825133
2388.00000000	108.35732242
2390.00000000	108.11226969
2392.00000000	108.29083361
2394.00000000	108.21963635
2396.00000000	108.17782935
2398.00000000	108.40227487
2400.00000000	108.39528498
2402.00000000	108.54372768
2404.00000000	108.40455840
2406.00000000	108.33736561
2408.00000000	108.52504091
2410.00000000	108.61088698
2412.00000000	108.42223929
2414.00000000	108.85611287
2416.00000000	108.70257561
2418.00000000	108.70584368
2420.00000000	108.57154097
2422.00000000	108.85789032
2424.00000000	108.97708065
2426.00000000	108.67566168
2428.00000000	108.79219320
2430.00000000	109.06908128
2432.00000000	108.76143376
2434.00000000	109.01338756
2436.00000000	109.07296985
2438.00000000	109.12106131
2440.00000000	109.23200035
2442.00000000	109.41003765
2444.00000000	109.13006941
2446.00000000	109.35333953
2448.00000000	109.32209309
2450.00000000	109.40049014
2452.00000000	109.32846124
2454.00000000	109.43138437
2456.00000000	109.50922372
2458.00000000	109.67978489
2460.00000000	109.59967201
2462.00000000	109.64745113
2464.00000000	109.43857120
2466.00000000	109.79895460
2468.00000000	109.89306635
2470.00000000	109.99220100
2472.00000000	109.90755892
2474.00000000	109.75141833
2476.00000000	109.76594351
2478.00000000	109.97630943
2480.00000000	109.93403720
2482.00000000	110.16046091
2484.00000000	110.23434049
2486.00000000	110.30346542
2488.00000000	110.11144085
2490.00000000	109.98944017
2492.00000000	110.35203943
2494.00000000	110.30640130
2496.00000000	110.24813309
2498.00000000	110.16533886
2500.00000000	110.27564075
2502.00000000	110.47722010
2504.00000000	110.40696191
2506.00000000	110.46402166
2508.00000000	110.63468477
2510.00000000	110.44737587
2512.00000000	110.55805747
2514.00000000	110.87556362
2516.00000000	110.55518217
2518.00000000	110.58664757
2520.00000000	110.79483455
2522.00000000	110.79842246
2524.00000000	110.92030590
2526.00000000	111.02696223
2528.00000000	110.54809333
2530.00000000	111.01047306
2532.00000000	110.84386954
2534.00000000	110.94207565
2536.00000000	111.03049039
2538.00000000	110.96942086
2540.00000000	111.17920708
2542.00000000	111.27881226
2544.00000000	111.20585653
2546.00000000	110.99115010
2548.00000000	111.24496359
2550.00000000	111.50320462
2552.00000000	111.36674708
2554.00000000	111.47716046
2556.00000000	111.42380577
2558.00000000	111.43897488
2560.00000000	111.38614576
2562.00000000	111.46233630
2564.00000000	111.60566133
2566.00000000	111.58890953
2568.00000000	111.61459972
2570.00000000	111.72276224
2572.00000000	111.75850078
2574.00000000	111.86436765
2576.00000000	111.92175090
2578.00000000	111.86422901
2580.00000000	111.86290153
2582.00000000	111.78545972
2584.00000000	111.87373480
2586.00000000	111.82582390
2588.00000000	111.92507434
2590.00000000	111.86442511
2592.00000000	111.97773021
2594.00000000	112.14378013
2596.00000000	112.00302061
2598.00000000	112.01096607
2600.00000000	112.07465557
2602.00000000	112.05346221
2604.00000000	112.00478290
2606.00000000	112.11392018
2608.00000000	112.08211790
2610.00000000	112.09418166
2612.00000000	112.32588345
2614.00000000	112.20054059
2616.00000000	112.56166584
2618.00000000	112.40239115
2620.00000000	112.46192346
2622.00000000	112.40898400
2624.00000000	112.44827168
2626.00000000	112.53233820
2628.00000000	112.50128550
2630.00000000	112.60751337
2632.00000000	112.65862625
2634.00000000	112.70540581
2636.00000000	112.44211526
2638.00000000	112.71810170
2640.00000000	112.88558869
2642.00000000	112.61894447
2644.00000000	112.54443369
2646.00000000	113.02139832
2648.00000000	112.69457416
2650.00000000	112.81436507
2652.00000000	112.85392535
2654.00000000	112.92401600
2656.00000000	112.96143111
2658.00000000	112.97021624
2660.00000000	112.90744593
2662.00000000	113.02998410
2664.00000000	112.81359708
2666.00000000	112.85456230
2668.00000000	112.98339025
2670.00000000	113.16576353
2672.00000000	113.14247581
2674.00000000	113.15458341
2676.00000000	113.17751806
2678.00000000	113.05034532
2680.00000000	113.05577376
2682.00000000	113.25902698
2684.00000000	113.11893315
2686.00000000	113.39178570
2688.00000000	113.01030831
2690.00000000	113.33227138
2692.00000000	113.35410218
2694.00000000	113.31756446
2696.00000000	113.55792837
2698.00000000	113.43318354
2700.00000000	113.20469043
2702.00000000	113.56647917
2704.00000000	113.48627857
2706.00000000	113.64006847
2708.00000000	113.47050505
2710.00000000	113.39180462
2712.00000000	113.34703752
2714.00000000	113.67146748
2716.00000000	113.41074310
2718.00000000	113.64803257
2720.00000000	113.63675877
2722.00000000	113.87079666
2724.00000000	113.88673414
2726.00000000	113.72297925
2728.00000000	113.89479705
2730.00000000	113.90931367
2732.00000000	113.80175264
2734.00000000	113.86692188
2736.00000000	113.95859545
2738.00000000	114.10953798
2740.00000000	114.03968136
2742.00000000	114.17457662
2744.00000000	114.15458479
2746.00000000	114.36540933
2748.00000000	114.52769704
2750.00000000	114.30092478
2752.00000000	114.38182583
2754.00000000	114.58440073
2756.00000000	114.59446846
2758.00000000	114.80129895
2760.00000000	115.13513581
2762.00000000	115.09083371
2764.00000000	115.21038984
2766.00000000	115.32405661
2768.00000000	115.42668337
2770.00000000	115.85717101
2772.00000000	116.10986652
2774.00000000	116.30588021
2776.00000000	116.36085560
2778.00000000	116.66446370
2780.00000000	117.29491057
2782.00000000	117.51608353
2784.00000000	117.69411508
2786.00000000	118.12833124
2788.00000000	118.49176117
2790.00000000	118.88038614
2792.00000000	119.30299203
2794.00000000	120.00996309
2796.00000000	120.26773064
2798.00000000	121.27555963
2800.00000000	121.58417168
2802.00000000	122.36195358
2804.00000000	123.41204364
2806.00000000	123.90332190
2808.00000000	124.85306032
2810.00000000	125.56260289
2812.00000000	126.48891224
2814.00000000	127.53896925
2816.00000000	128.59284371
2818.00000000	129.54868303
2820.00000000	131.02486495
2822.00000000	132.21707004
2824.00000000	133.28539081
2826.00000000	134.84298527
2828.00000000	136.27911183
2830.00000000	137.64824842
2832.00000000	139.33450706
2834.00000000	141.09825702
2836.00000000	142.78327203
2838.00000000	144.49409555
2840.00000000	146.34108139
2842.00000000	148.20519696
2844.00000000	150.44271180
2846.00000000	152.52619395
2848.00000000	154.61398560
2850.00000000	156.96259434
2852.00000000	159.22840362
2854.00000000	161.30691343
2856.00000000	163.84418770
2858.00000000	166.27637548
2860.00000000	168.81441263
2862.00000000	171.26142442
2864.00000000	173.85394664
2866.00000000	176.67236113
2868.00000000	179.32663519
2870.00000000	181.82180438
2872.00000000	184.43038804
2874.00000000	187.10440857
2876.00000000	189.78570445
2878.00000000	192.59633496
2880.00000000	195.32567565
2882.00000000	197.83189223
2884.00000000	200.54321589
2886.00000000	202.99917136
2888.00000000	205.82667927
2890.00000000	208.38681091
2892.00000000	210.62697487
2894.00000000	213.02633963
2896.00000000	215.32828675
2898.00000000	217.58793913
2900.00000000	219.74360791
2902.00000000	221.75039586
2904.00000000	223.71820289
2906.00000000	225.38853280
2908.00000000	227.05529418
2910.00000000	228.74698351
2912.00000000	230.16308298
2914.00000000	231.66901363
2916.00000000	232.65301029
2918.00000000	233.76517797
2920.00000000	234.52759499
2922.00000000	235.45142120
2924.00000000	235.81271042
2926.00000000	236.11459320
2928.00000000	236.43241384
2930.00000000	236.56890620
2932.00000000	236.32880270
2934.00000000	236.20099346
2936.00000000	235.60881163
2938.00000000	235.38780391
2940.00000000	234.42129028
2942.00000000	233.90298526
2944.00000000	232.71532914
2946.00000000	231.60059213
2948.00000000	230.38002693
2950.00000000	228.93446951
2952.00000000	227.16317243
2954.00000000	225.58433929
2956.00000000	223.64481246
2958.00000000	221.86693482
2960.00000000	219.91128033
2962.00000000	217.64350478
2964.00000000	215.41164787
2966.00000000	213.14930520
2968.00000000	210.84589171
2970.00000000	208.17027054
2972.00000000	205.61176131
2974.00000000	203.25029369
2976.00000000	200.70812426
2978.00000000	198.07800827
2980.00000000	195.29076507
2982.00000000	192.80479252
2984.00000000	189.87652101
2986.00000000	187.18773946
2988.00000000	184.42247636
2990.00000000	182.05206790
2992.00000000	179.39448904
2994.00000000	176.69889493
2996.00000000	174.15137877
2998.00000000	171.48499762
3000.00000000	169.07820018
3002.00000000	166.61214398
3004.00000000	164.02722115
3006.00000000	161.85528643
3008.00000000	159.52459431
3010.00000000	157.00586612
3012.00000000	155.01169940
3014.00000000	152.92811021
3016.00000000	150.75125613
3018.00000000	148.67989797
3020.00000000	146.67410837
3022.00000000	144.89033084
3024.00000000	143.07423363
3026.00000000	141.25385173
3028.00000000	139.67578125
3030.00000000	138.02775178
3032.00000000	136.48378471
3034.00000000	135.34624052
3036.00000000	133.82674032
3038.00000000	132.58360580
3040.00000000	131.21649671
3042.00000000	129.92316945
3044.00000000	128.81364147
3046.00000000	127.95079420
3048.00000000	127.04803844
3050.00000000	125.98097543
3052.00000000	125.12739869
3054.00000000	124.37678363
3056.00000000	123.47160669
3058.00000000	122.70846116
3060.00000000	122.24997032
3062.00000000	121.49350661
3064.00000000	120.93534759
3066.00000000	120.61861083
3068.00000000	119.96020879
3070.00000000	119.35828249
3072.00000000	119.04947688
3074.00000000	118.89921263
3076.00000000	118.24703121
3078.00000000	117.87992084
3080.00000000	117.74100350
3082.00000000	117.57237460
3084.00000000	117.33925300
3086.00000000	117.09331230
3088.00000000	116.61004968
3090.00000000	116.66893567
3092.00000000	116.36188327
3094.00000000	116.16552894
3096.00000000	116.19009731
3098.00000000	115.62911932
3100.00000000	115.75577543
3102.00000000	115.68204213
3104.00000000	115.58047144
3106.00000000	115.32593154
3108.00000000	115.43101275
3110.00000000	115.18958062
3112.00000000	115.40804300
3114.00000000	115.08737764
3116.00000000	115.17199584
3118.00000000	114.95107800
3120.00000000	114.98306375
3122.00000000	115.07991110
3124.00000000	114.96347411
3126.00000000	114.70490191
3128.00000000	114.92526428
3130.00000000	115.01238021
3132.00000000	115.02315447
3134.00000000	114.83047118
3136.00000000	114.92065998
3138.00000000	114.65718476
3140.00000000	114.79000836
3142.00000000	114.51194733
3144.00000000	114.41769546
3146.00000000	114.54068435
3148.00000000	114.85601701
3150.00000000	114.60343033
3152.00000000	114.64265685
3154.00000000	114.63448317
3156.00000000	114.61011460
3158.00000000	114.69630964
3160.00000000	114.60021905
3162.00000000	114.46026775
3164.00000000	114.47890781
3166.00000000	114.59521910
3168.00000000	114.54740394
3170.00000000	114.45916678
3172.00000000	114.26913472
3174.00000000	114.34456554
3176.00000000	114.58904404
3178.00000000	114.48949431
3180.00000000	114.41050629
3182.00000000	114.36857495
3184.00000000	114.60058866
3186.00000000	114.53610609
3188.00000000	114.72302194
3190.00000000	114.61903087
3192.00000000	114.51034204
3194.00000000	114.56896339
3196.00000000	114.45354664
3198.00000000	114.64776417
3200.00000000	114.46145133
3202.00000000	114.51703642
3204.00000000	114.42373734
3206.00000000	114.58738267
3208.00000000	114.40008786
3210.00000000	114.61531253
3212.00000000	114.33987153
3214.00000000	114.44773167
3216.00000000	114.40402365
3218.00000000	114.52030091
3220.00000000	114.49623196
3222.00000000	114.43375877
3224.00000000	114.25920490
3226.00000000	114.40347475
3228.00000000	114.59114694
3230.00000000	114.26215245
3232.00000000	114.36889427
3234.00000000	114.56555947
3236.00000000	114.54361211
3238.00000000	114.30291568
3240.00000000	114.31425571
3242.00000000	114.33982030
3244.00000000	114.28265284
3246.00000000	114.31702124
3248.00000000	114.27510268
3250.00000000	114.17627179
3252.00000000	114.09317502
3254.00000000	114.22358835
3256.00000000	114.39606810
3258.00000000	114.38671284
3260.00000000	114.18624904
3262.00000000	114.18463428
3264.00000000	114.34837515
3266.00000000	114.44891391
3268.00000000	114.22765125
3270.00000000	114.30600112
3272.00000000	114.11114873
3274.00000000	114.21976911
3276.00000000	114.17234778
3278.00000000	114.19793275
3280.00000000	114.25209872
3282.00000000	114.24475638
3284.00000000	114.27604908
3286.00000000	114.35779556
3288.00000000	114.31727986
3290.00000000	114.26066830
3292.00000000	114.25630555
3294.00000000	113.93755342
3296.00000000	114.25882550
3298.00000000	114.25130466
3300.00000000	114.29761852
