500.00000000	87.23047898
502.00000000	87.14265917
504.00000000	87.13519355
506.00000000	87.13071650
508.00000000	87.16583797
510.00000000	87.05594715
512.00000000	87.10506794
514.00000000	86.84813275
516.00000000	87.18658035
518.00000000	87.40724387
520.00000000	87.34515009
522.00000000	87.01392139
524.00000000	87.36832052
526.00000000	87.31924528
528.00000000	87.37977858
530.00000000	87.51108486
532.00000000	87.43535737
534.00000000	87.42365552
536.00000000	87.44848041
538.00000000	87.44117875
540.00000000	87.50974939
542.00000000	87.63479876
544.00000000	87.53388404
546.00000000	87.68923001
548.00000000	87.47577379
550.00000000	87.70039256
552.00000000	87.59162876
554.00000000	87.66854108
556.00000000	87.96371383
558.00000000	87.43520421
560.00000000	87.65802550
562.00000000	87.74863451
564.00000000	87.84261502
566.00000000	87.92586763
568.00000000	87.95155865
570.00000000	87.86249152
572.00000000	87.87082900
574.00000000	88.00828816
576.00000000	87.67840057
578.00000000	87.81226762
580.00000000	87.80776891
582.00000000	87.79323314
584.00000000	87.67593830
586.00000000	88.14593045
588.00000000	87.94053576
590.00000000	88.11067097
592.00000000	88.15720116
594.00000000	87.92034711
596.00000000	88.05913818
598.00000000	88.18373367
600.00000000	88.03856013
602.00000000	87.97040721
604.00000000	88.20274077
606.00000000	88.08669631
608.00000000	88.01163842
610.00000000	87.93176617
612.00000000	88.14830103
614.00000000	88.28357410
616.00000000	88.27406721
618.00000000	88.16715936
620.00000000	88.19241653
622.00000000	88.33431141
624.00000000	88.23472076
626.00000000	88.49392738
628.00000000	88.32022243
630.00000000	88.30133741
632.00000000	88.31218985
634.00000000	88.26793901
636.00000000	88.60907287
638.00000000	88.44964066
640.00000000	88.30685611
642.00000000	88.62374931
644.00000000	88.58540072
646.00000000	88.61781644
648.00000000	88.47101252
650.00000000	88.53636109
652.00000000	88.56751876
654.00000000	88.53948555
656.00000000	88.55760235
658.00000000	88.70901048
660.00000000	88.47599074
662.00000000	88.65043681
664.00000000	88.73950603
666.00000000	88.72681037
668.00000000	89.03851271
670.00000000	88.47531097
672.00000000	88.79394605
674.00000000	88.60190646
676.00000000	88.70607669
678.00000000	88.73127801
680.00000000	88.88173256
682.00000000	88.96553724
684.00000000	89.30809929
686.00000000	89.78311325
688.00000000	90.09993582
690.00000000	90.58151919
692.00000000	91.36733793
694.00000000	92.84327727
696.00000000	94.63654714
698.00000000	97.06620263
700.00000000	99.79862744
702.00000000	103.88137110
704.00000000	108.86235822
706.00000000	114.57055224
708.00000000	121.36396731
710.00000000	129.08848330
712.00000000	137.75768886
714.00000000	147.19986668
716.00000000	156.69704897
718.00000000	166.07353848
720.00000000	175.48661306
722.00000000	183.80674120
724.00000000	190.65963722
726.00000000	195.97188964
728.00000000	199.37869327
730.00000000	200.63676575
732.00000000	199.39148987
734.00000000	196.09896659
736.00000000	190.79120727
738.00000000	183.72175943
740.00000000	175.15869491
742.00000000	166.50705560
744.00000000	156.86878501
746.00000000	146.90422432
748.00000000	137.85118173
750.00000000	129.31429826
752.00000000	121.62521048
754.00000000	114.71093624
756.00000000	108.83454431
758.00000000	104.39653899
760.00000000	100.20303628
762.00000000	97.23215182
764.00000000	95.01239008
766.00000000	93.11241545
768.00000000	91.79162400
770.00000000	90.90024728
772.00000000	90.36150886
774.00000000	89.95390986
776.00000000	89.58587233
778.00000000	89.27762335
780.00000000	89.21673476
782.00000000	89.23655372
784.00000000	89.48448024
786.00000000	89.20345606
788.00000000	89.07080732
790.00000000	89.33946162
792.00000000	89.13697047
794.00000000	89.30857311
796.00000000	89.15847246
798.00000000	89.19241215
800.00000000	89.46955842
802.00000000	89.08978702
804.00000000	89.29177502
806.00000000	89.21380150
808.00000000	89.11328129
810.00000000	89.15787742
812.00000000	89.25230271
814.00000000	89.11327595
816.00000000	89.04395551
818.00000000	89.11866222
820.00000000	88.92744124
822.00000000	89.12189414
824.00000000	89.26348713
826.00000000	89.30396767
828.00000000	88.88418160
830.00000000	89.21557529
832.00000000	89.07799190
834.00000000	89.26656440
836.00000000	89.07331252
838.00000000	89.23197129
840.00000000	89.08805350
842.00000000	89.05297740
844.00000000	89.13402487
846.00000000	89.13281930
848.00000000	89.15347429
850.00000000	89.41369421
852.00000000	89.13052767
854.00000000	89.07089461
856.00000000	89.11433670
858.00000000	89.12301006
860.00000000	89.28215398
862.00000000	89.24820531
864.00000000	89.01178140
866.00000000	89.35664179
868.00000000	89.21551231
870.00000000	89.15793613
872.00000000	89.04793758
874.00000000	89.33891016
876.00000000	88.96869716
878.00000000	89.22836282
880.00000000	89.09531522
882.00000000	88.92220487
884.00000000	89.14840394
886.00000000	89.13234204
888.00000000	89.09144006
890.00000000	88.99571267
892.00000000	89.14044722
894.00000000	89.32890041
896.00000000	89.17115050
898.00000000	89.11557138
900.00000000	89.12279614
902.00000000	89.17787463
904.00000000	89.19081842
906.00000000	89.13306531
908.00000000	89.19144280
910.00000000	89.05996058
912.00000000	89.10729985
914.00000000	89.08352960
916.00000000	89.20033153
918.00000000	89.13020810
920.00000000	89.35360571
922.00000000	89.40401181
924.00000000	89.29680324
926.00000000	89.41798672
928.00000000	89.61393787
930.00000000	89.79245117
932.00000000	90.02310728
934.00000000	90.08721722
936.00000000	90.59233188
938.00000000	90.86984982
940.00000000	91.47851100
942.00000000	92.07664849
944.00000000	92.83530457
946.00000000	93.57793101
948.00000000	95.29871483
950.00000000	96.58508333
952.00000000	98.11210785
954.00000000	99.96910187
956.00000000	102.03709443
958.00000000	104.56339656
960.00000000	107.69859370
962.00000000	110.85749372
964.00000000	114.22790065
966.00000000	118.16061313
968.00000000	122.57415183
970.00000000	127.07281528
972.00000000	131.96479950
974.00000000	137.22092914
976.00000000	142.35178407
978.00000000	147.32388612
980.00000000	152.75336834
982.00000000	158.09595861
984.00000000	162.90179210
986.00000000	167.90126776
988.00000000	172.34445503
990.00000000	176.00440891
992.00000000	179.23311807
994.00000000	182.03230708
996.00000000	183.80996331
998.00000000	185.23823474
1000.00000000	185.44453283
1002.00000000	185.06346019
1004.00000000	183.88357002
1006.00000000	181.95196291
1008.00000000	179.34795905
1010.00000000	175.84106317
1012.00000000	172.02400371
1014.00000000	167.60596214
1016.00000000	163.07240656
1018.00000000	157.95257925
1020.00000000	152.52943509
1022.00000000	147.39165569
1024.00000000	142.23313675
1026.00000000	136.88363070
1028.00000000	131.80251508
1030.00000000	126.89400937
1032.00000000	122.36784041
1034.00000000	118.01523108
1036.00000000	114.21333347
1038.00000000	110.49426759
1040.00000000	107.56202918
1042.00000000	104.31371887
1044.00000000	102.01487681
1046.00000000	99.66287213
1048.00000000	97.69469084
1050.00000000	96.01961479
1052.00000000	94.88237876
1054.00000000	93.35681381
1056.00000000	92.55728636
1058.00000000	91.71632079
1060.00000000	91.07008862
1062.00000000	90.65478906
1064.00000000	90.20863647
1066.00000000	89.80916208
1068.00000000	89.57402924
1070.00000000	89.42254776
1072.00000000	89.37878440
1074.00000000	89.18875024
1076.00000000	89.29055471
1078.00000000	88.77383099
1080.00000000	88.85754981
1082.00000000	88.83288130
1084.00000000	88.96514653
1086.00000000	88.65463153
1088.00000000	88.85786642
1090.00000000	88.69483451
1092.00000000	88.81633140
1094.00000000	88.73944978
1096.00000000	88.75255356
1098.00000000	88.82123505
1100.00000000	88.71784157
1102.00000000	88.71942371
1104.00000000	88.88900903
1106.00000000	88.69568996
1108.00000000	88.74940816
1110.00000000	88.75756156
1112.00000000	88.75191229
1114.00000000	88.76067307
1116.00000000	88.79352172
1118.00000000	88.63714877
1120.00000000	88.86177026
1122.00000000	88.53031488
1124.00000000	88.49760989
1126.00000000	88.65418453
1128.00000000	88.73639901
1130.00000000	88.51631831
1132.00000000	88.70995855
1134.00000000	88.82585115
1136.00000000	88.79642952
1138.00000000	88.67202542
1140.00000000	88.65315884
1142.00000000	88.58758948
1144.00000000	88.71182984
1146.00000000	88.84852139
1148.00000000	88.82524282
1150.00000000	88.60994139
1152.00000000	88.64365490
1154.00000000	88.54368053
1156.00000000	88.66215626
1158.00000000	88.70897788
1160.00000000	88.64028762
1162.00000000	88.47209997
1164.00000000	88.74929826
1166.00000000	88.57786257
1168.00000000	88.83737396
1170.00000000	88.48482167
1172.00000000	88.51799356
1174.00000000	88.48102369
1176.00000000	88.63197706
1178.00000000	88.45271947
1180.00000000	88.67296093
1182.00000000	88.61121589
1184.00000000	88.62769535
1186.00000000	88.55839105
1188.00000000	88.58818807
1190.00000000	88.52837757
1192.00000000	88.46797599
1194.00000000	88.54279404
1196.00000000	88.54045347
1198.00000000	88.63739924
1200.00000000	88.20304144
1202.00000000	88.56159281
1204.00000000	88.58137917
1206.00000000	88.40825913
1208.00000000	88.50192919
1210.00000000	88.37130794
1212.00000000	88.29616110
1214.00000000	88.51699766
1216.00000000	88.46778525
1218.00000000	88.49669110
1220.00000000	88.51374010
1222.00000000	88.38363088
1224.00000000	88.42757626
1226.00000000	88.70361903
1228.00000000	88.29313317
1230.00000000	88.42023445
1232.00000000	88.30109310
1234.00000000	88.33586776
1236.00000000	88.52611598
1238.00000000	88.26197230
1240.00000000	88.62727654
1242.00000000	88.33894714
1244.00000000	88.39363224
1246.00000000	88.41971602
1248.00000000	88.45208007
1250.00000000	88.38684654
1252.00000000	88.43447296
1254.00000000	88.69407995
1256.00000000	88.63261783
1258.00000000	88.37679684
1260.00000000	88.55174541
1262.00000000	88.24912425
1264.00000000	88.38551167
1266.00000000	88.31637665
1268.00000000	88.38043328
1270.00000000	88.46445575
1272.00000000	88.48493324
1274.00000000	88.54498220
1276.00000000	88.27628715
1278.00000000	88.42621204
1280.00000000	88.28510129
1282.00000000	88.50417310
1284.00000000	88.26294263
1286.00000000	88.42874084
1288.00000000	88.52965943
1290.00000000	88.49170774
1292.00000000	88.46620242
1294.00000000	88.39402122
1296.00000000	88.36732008
1298.00000000	88.19461185
1300.00000000	88.51151011
1302.00000000	88.37078368
1304.00000000	88.36923074
1306.00000000	88.43054159
1308.00000000	88.44504179
1310.00000000	88.25527407
1312.00000000	88.52152432
1314.00000000	88.53397329
1316.00000000	88.56160277
1318.00000000	88.14332949
1320.00000000	88.32112667
1322.00000000	88.37352413
1324.00000000	88.53400572
1326.00000000	88.49373995
1328.00000000	88.46633777
1330.00000000	88.43445924
1332.00000000	88.42184046
1334.00000000	88.53422875
1336.00000000	88.74809243
1338.00000000	88.40197955
1340.00000000	88.30531163
1342.00000000	88.71728045
1344.00000000	88.48213815
1346.00000000	88.36830544
1348.00000000	88.46169254
1350.00000000	88.45748040
1352.00000000	88.65608727
1354.00000000	88.38108091
1356.00000000	88.58805521
1358.00000000	88.62360978
1360.00000000	88.82676432
1362.00000000	88.74682768
1364.00000000	88.78874924
1366.00000000	88.72823698
1368.00000000	88.86003001
1370.00000000	89.21402399
1372.00000000	89.37874149
1374.00000000	89.71592414
1376.00000000	90.04156715
1378.00000000	90.10444663
1380.00000000	90.62684433
1382.00000000	91.04661411
1384.00000000	91.48843781
1386.00000000	92.24468332
1388.00000000	93.04680564
1390.00000000	93.96204534
1392.00000000	94.97101659
1394.00000000	96.04281089
1396.00000000	97.52270912
1398.00000000	99.02968294
1400.00000000	100.55260436
1402.00000000	102.48162232
1404.00000000	104.52368157
1406.00000000	106.71912396
1408.00000000	109.33183640
1410.00000000	111.85411909
1412.00000000	114.93796617
1414.00000000	117.97202761
1416.00000000	120.78894602
1418.00000000	124.59313859
1420.00000000	127.78982400
1422.00000000	131.37508673
1424.00000000	134.99259489
1426.00000000	138.49671050
1428.00000000	141.93623132
1430.00000000	145.43158593
1432.00000000	148.68542269
1434.00000000	151.97475105
1436.00000000	154.75943957
1438.00000000	157.01218461
1440.00000000	159.24656513
1442.00000000	161.72215266
1444.00000000	163.01380512
1446.00000000	164.21139112
1448.00000000	164.67333101
1450.00000000	165.06562216
1452.00000000	164.60651493
1454.00000000	164.06361413
1456.00000000	163.21050223
1458.00000000	161.42019346
1460.00000000	159.59222106
1462.00000000	157.37419834
1464.00000000	154.96714657
1466.00000000	152.00436709
1468.00000000	148.94783285
1470.00000000	145.78250183
1472.00000000	142.30031573
1474.00000000	138.74319282
1476.00000000	135.35045715
1478.00000000	131.82104029
1480.00000000	128.10442372
1482.00000000	124.74999587
1484.00000000	121.48506946
1486.00000000	118.36740300
1488.00000000	115.31728496
1490.00000000	112.26055460
1492.00000000	109.64211619
1494.00000000	107.49372260
1496.00000000	105.32496764
1498.00000000	103.01462184
1500.00000000	101.19367550
1502.00000000	99.33920367
1504.00000000	98.09886015
1506.00000000	96.59557029
1508.00000000	95.65348857
1510.00000000	94.56333936
1512.00000000	93.84573924
1514.00000000	93.12257828
1516.00000000	92.30500536
1518.00000000	91.76636123
1520.00000000	91.37515134
1522.00000000	90.94499530
1524.00000000	90.64431282
1526.00000000	90.54012613
1528.00000000	90.29696320
1530.00000000	89.97430044
1532.00000000	89.81664995
1534.00000000	90.16904058
1536.00000000	89.68958618
1538.00000000	89.78812933
1540.00000000	89.66406611
1542.00000000	89.91486381
1544.00000000	89.66116780
1546.00000000	89.50390153
1548.00000000	89.97357728
1550.00000000	89.54608000
1552.00000000	89.70037571
1554.00000000	89.48715466
1556.00000000	89.62656170
1558.00000000	89.81623735
1560.00000000	89.66991095
1562.00000000	89.83173694
1564.00000000	89.93672597
1566.00000000	89.82453830
1568.00000000	89.80413961
1570.00000000	89.98861400
1572.00000000	89.98647053
1574.00000000	89.99653634
1576.00000000	90.01811556
1578.00000000	89.92426002
1580.00000000	90.13168998
1582.00000000	90.31210639
1584.00000000	90.21624344
1586.00000000	90.31547574
1588.00000000	90.54511111
1590.00000000	90.86548620
1592.00000000	91.05718156
1594.00000000	91.12818555
1596.00000000	91.72850614
1598.00000000	92.32724835
1600.00000000	92.89724185
1602.00000000	93.74568813
1604.00000000	94.60325152
1606.00000000	95.70892245
1608.00000000	97.12760191
1610.00000000	98.63667155
1612.00000000	100.39185222
1614.00000000	102.44055809
1616.00000000	104.61693049
1618.00000000	107.38770329
1620.00000000	110.34035205
1622.00000000	113.43207354
1624.00000000	116.62722322
1626.00000000	120.07806708
1628.00000000	123.94358909
1630.00000000	127.38303419
1632.00000000	131.24044903
1634.00000000	134.85535755
1636.00000000	138.35428719
1638.00000000	141.60031608
1640.00000000	144.28391492
1642.00000000	146.81143375
1644.00000000	148.91183631
1646.00000000	150.27796876
1648.00000000	151.50626030
1650.00000000	151.90184188
1652.00000000	151.62184160
1654.00000000	150.61478933
1656.00000000	149.05254440
1658.00000000	147.09404322
1660.00000000	144.83121873
1662.00000000	141.81522699
1664.00000000	138.55161362
1666.00000000	135.20700077
1668.00000000	131.62778835
1670.00000000	128.07626075
1672.00000000	124.43794241
1674.00000000	120.95609289
1676.00000000	117.22028403
1678.00000000	114.24830138
1680.00000000	111.18875473
1682.00000000	108.33090086
1684.00000000	105.85976115
1686.00000000	103.33563572
1688.00000000	101.43526886
1690.00000000	99.54256511
1692.00000000	97.95336514
1694.00000000	96.83431582
1696.00000000	95.74931390
1698.00000000	94.95720230
1700.00000000	94.37389712
1702.00000000	93.75750096
1704.00000000	93.14431438
1706.00000000	92.91684257
1708.00000000	92.51358893
1710.00000000	92.35759765
1712.00000000	92.30543830
1714.00000000	92.16628717
1716.00000000	92.13154418
1718.00000000	92.24035964
1720.00000000	92.17867159
1722.00000000	92.13042397
1724.00000000	91.79278478
1726.00000000	92.31004263
1728.00000000	92.19689504
1730.00000000	92.28789617
1732.00000000	92.12740796
1734.00000000	92.17909500
1736.00000000	92.26799532
1738.00000000	92.16193818
1740.00000000	92.29682015
1742.00000000	92.49108126
1744.00000000	92.37410091
1746.00000000	92.28082133
1748.00000000	92.29115266
1750.00000000	92.49961591
1752.00000000	92.46448027
1754.00000000	92.71087259
1756.00000000	92.44646084
1758.00000000	92.59603763
1760.00000000	92.66963553
1762.00000000	92.65471775
1764.00000000	92.88954123
1766.00000000	92.85004566
1768.00000000	92.82027921
1770.00000000	92.74593815
1772.00000000	92.63932368
1774.00000000	92.91130278
1776.00000000	92.78791411
1778.00000000	93.12182658
1780.00000000	93.10473082
1782.00000000	93.08971292
1784.00000000	93.21542726
1786.00000000	92.98647944
1788.00000000	93.33156270
1790.00000000	93.23075088
1792.00000000	93.52751372
1794.00000000	93.20287570
1796.00000000	93.19378925
1798.00000000	93.17205165
1800.00000000	93.34176345
1802.00000000	93.50698543
1804.00000000	93.54467390
1806.00000000	93.67035256
1808.00000000	93.45597652
1810.00000000	93.62947413
1812.00000000	93.56875041
1814.00000000	93.77736961
1816.00000000	93.79344524
1818.00000000	93.98935586
1820.00000000	93.89405599
1822.00000000	93.69862619
1824.00000000	93.82869484
1826.00000000	93.87988629
1828.00000000	94.02212029
1830.00000000	94.01458117
1832.00000000	94.19097542
1834.00000000	93.87478960
1836.00000000	94.37642299
1838.00000000	94.32741688
1840.00000000	93.89702683
1842.00000000	94.21231073
1844.00000000	94.39695503
1846.00000000	94.38110680
1848.00000000	94.44442676
1850.00000000	94.39810853
1852.00000000	94.50258544
1854.00000000	94.52967261
1856.00000000	94.63033644
1858.00000000	94.66855011
1860.00000000	94.69204032
1862.00000000	94.69291284
1864.00000000	94.78683634
1866.00000000	94.75524934
1868.00000000	94.86135934
1870.00000000	94.80877683
1872.00000000	94.91545638
1874.00000000	95.15111543
1876.00000000	95.12511756
1878.00000000	95.19589997
1880.00000000	95.16300759
1882.00000000	95.15829933
1884.00000000	95.09903518
1886.00000000	95.15852222
1888.00000000	95.19724803
1890.00000000	95.30433006
1892.00000000	95.42142969
1894.00000000	95.38664779
1896.00000000	95.53924512
1898.00000000	95.51679476
1900.00000000	95.51613771
1902.00000000	95.59113883
1904.00000000	95.56757263
1906.00000000	95.64703484
1908.00000000	95.73844865
1910.00000000	95.93695266
1912.00000000	95.93745083
1914.00000000	96.08460282
1916.00000000	95.71758638
1918.00000000	96.04805018
1920.00000000	95.98161388
1922.00000000	96.06404717
1924.00000000	96.22146427
1926.00000000	96.19494341
1928.00000000	96.29277193
1930.00000000	96.30680258
1932.00000000	96.32559312
1934.00000000	96.42318139
1936.00000000	96.25000186
1938.00000000	96.51298038
1940.00000000	96.54107165
1942.00000000	96.63673039
1944.00000000	96.78510742
1946.00000000	96.70284422
1948.00000000	96.67000994
1950.00000000	96.86180646
1952.00000000	96.81401975
1954.00000000	96.88939957
1956.00000000	97.10511583
1958.00000000	97.19628499
1960.00000000	97.10298189
1962.00000000	97.13345553
1964.00000000	97.20819396
1966.00000000	97.31949263
1968.00000000	97.32478134
1970.00000000	97.00038132
1972.00000000	97.39767133
1974.00000000	97.16825962
1976.00000000	97.34772244
1978.00000000	97.57828759
1980.00000000	97.66719859
1982.00000000	97.57618292
1984.00000000	97.62351688
1986.00000000	97.64776467
1988.00000000	97.84588872
1990.00000000	97.86875525
1992.00000000	97.88205531
1994.00000000	97.89793939
1996.00000000	97.93649903
1998.00000000	97.94273251
2000.00000000	97.82861937
2002.00000000	98.07496799
2004.00000000	98.07881121
2006.00000000	98.36461441
2008.00000000	98.10855880
2010.00000000	98.25788714
2012.00000000	98.56669088
2014.00000000	98.35696474
2016.00000000	98.48280804
2018.00000000	98.74029657
2020.00000000	98.68604441
2022.00000000	98.67895898
2024.00000000	98.76871152
2026.00000000	98.76220339
2028.00000000	98.76138166
2030.00000000	98.89842625
2032.00000000	99.02492543
2034.00000000	98.90222790
2036.00000000	98.87173560
2038.00000000	98.77754270
2040.00000000	99.16358059
2042.00000000	99.29394458
2044.00000000	99.30600385
2046.00000000	99.03073001
2048.00000000	99.32330495
2050.00000000	99.50791775
2052.00000000	99.58289182
2054.00000000	99.48825095
2056.00000000	99.44973629
2058.00000000	99.28770708
2060.00000000	99.60767648
2062.00000000	99.74096925
2064.00000000	99.64948392
2066.00000000	99.88118438
2068.00000000	99.81269898
2070.00000000	99.84428588
2072.00000000	100.02081020
2074.00000000	100.10698059
2076.00000000	99.95519370
2078.00000000	100.23502949
2080.00000000	100.18752187
2082.00000000	100.22444893
2084.00000000	100.15341146
2086.00000000	100.38919988
2088.00000000	100.53975747
2090.00000000	100.56332816
2092.00000000	100.54495276
2094.00000000	100.37135647
2096.00000000	100.48561999
2098.00000000	100.46659187
2100.00000000	100.56313783
2102.00000000	100.62985916
2104.00000000	101.01942777
2106.00000000	100.99165359
2108.00000000	100.98955091
2110.00000000	100.93352093
2112.00000000	101.41319190
2114.00000000	101.31589878
2116.00000000	101.52650955
2118.00000000	101.40847814
2120.00000000	101.54319680
2122.00000000	101.87240498
2124.00000000	101.96470983
2126.00000000	102.18833394
2128.00000000	102.20121921
2130.00000000	102.50814839
2132.00000000	102.62833083
2134.00000000	102.82234485
2136.00000000	103.23769686
2138.00000000	103.41849731
2140.00000000	103.84930013
2142.00000000	104.31869664
2144.00000000	104.47683726
2146.00000000	105.15155492
2148.00000000	105.57721263
2150.00000000	105.76932154
2152.00000000	106.57169691
2154.00000000	107.46710129
2156.00000000	108.08919224
2158.00000000	108.80676135
2160.00000000	109.58116812
2162.00000000	110.15727815
2164.00000000	111.32267247
2166.00000000	112.66795033
2168.00000000	113.81326191
2170.00000000	114.88586956
2172.00000000	116.21821286
2174.00000000	117.78538714
2176.00000000	119.13492579
2178.00000000	120.42429838
2180.00000000	122.44600697
2182.00000000	124.20116876
2184.00000000	126.48107975
2186.00000000	128.17869009
2188.00000000	130.67760795
2190.00000000	132.59051716
2192.00000000	135.25531220
2194.00000000	137.63683512
2196.00000000	139.98123050
2198.00000000	142.48612480
2200.00000000	145.27415513
2202.00000000	147.73996544
2204.00000000	150.88515432
2206.00000000	153.30374002
2208.00000000	155.96435930
2210.00000000	159.02177513
2212.00000000	161.82005421
2214.00000000	164.71150112
2216.00000000	167.30456542
2218.00000000	170.24061191
2220.00000000	172.75483407
2222.00000000	175.53488252
2224.00000000	177.83601363
2226.00000000	180.42131498
2228.00000000	182.62908981
2230.00000000	184.78472834
2232.00000000	186.78045279
2234.00000000	188.49235547
2236.00000000	190.07818112
2238.00000000	191.84459786
2240.00000000	192.77757932
2242.00000000	193.94326168
2244.00000000	194.87720830
2246.00000000	195.34628295
2248.00000000	196.08736473
2250.00000000	196.20506985
2252.00000000	195.97290505
2254.00000000	195.70526287
2256.00000000	195.19122427
2258.00000000	194.29526803
2260.00000000	193.39871603
2262.00000000	192.28798561
2264.00000000	190.80464531
2266.00000000	189.29070513
2268.00000000	187.61076962
2270.00000000	185.76382013
2272.00000000	183.71784686
2274.00000000	181.66489867
2276.00000000	179.37254442
2278.00000000	177.07555354
2280.00000000	174.45250691
2282.00000000	171.76746989
2284.00000000	168.99056784
2286.00000000	166.45991630
2288.00000000	163.77077455
2290.00000000	160.82812703
2292.00000000	158.51709693
2294.00000000	155.60323739
2296.00000000	153.03659628
2298.00000000	150.16828355
2300.00000000	147.79342683
2302.00000000	145.41659105
2304.00000000	142.84903330
2306.00000000	140.38278173
2308.00000000	137.97621091
2310.00000000	135.96871389
2312.00000000	133.69513644
2314.00000000	131.70967447
2316.00000000	129.59619053
2318.00000000	127.97486553
2320.00000000	126.17038191
2322.00000000	124.61614594
2324.00000000	123.13625307
2326.00000000	121.55818923
2328.00000000	120.40194121
2330.00000000	118.89607889
2332.00000000	117.88473958
2334.00000000	116.58042540
2336.00000000	115.83541687
2338.00000000	115.06188207
2340.00000000	114.21780649
2342.00000000	113.54643491
2344.00000000	112.84531854
2346.00000000	112.23972837
2348.00000000	111.87806905
2350.00000000	111.34360275
2352.00000000	110.94339524
2354.00000000	110.40204523
2356.00000000	110.06930961
2358.00000000	109.91363891
2360.00000000	109.57351250
2362.00000000	109.17735464
2364.00000000	109.06096236
2366.00000000	108.99032581
2368.00000000	108.64484766
2370.00000000	108.81469900
2372.00000000	108.41261433
2374.00000000	108.29752577
2376.00000000	108.51917310
2378.00000000	108.35562835
2380.00000000	108.27634091
2382.00000000	108.40110188
2384.00000000	108.31601045
2386.00000000	108.35874966
2388.00000000	108.07764231
2390.00000000	108.52289640
2392.00000000	108.21512962
2394.00000000	108.41045301
2396.00000000	108.30164799
2398.00000000	108.56076590
2400.00000000	108.31781674
2402.00000000	108.30939128
2404.00000000	108.40518638
2406.00000000	108.61491891
2408.00000000	108.55140470
2410.00000000	108.52485048
2412.00000000	108.76995662
2414.00000000	108.39669403
2416.00000000	108.62017867
2418.00000000	108.48486294
2420.00000000	108.87787824
2422.00000000	108.92279147
2424.00000000	108.86509635
2426.00000000	109.01498525
2428.00000000	109.05672985
2430.00000000	108.97080023
2432.00000000	109.19410182
2434.00000000	109.07374680
2436.00000000	109.06257674
2438.00000000	109.13093713
2440.00000000	109.03363682
2442.00000000	109.20894190
2444.00000000	109.09524367
2446.00000000	109.21066287
2448.00000000	109.34793889
2450.00000000	109.34469884
2452.00000000	109.52105854
2454.00000000	109.26356896
2456.00000000	109.49885129
2458.00000000	109.74841380
2460.00000000	109.45566839
2462.00000000	109.61477757
2464.00000000	109.46163163
2466.00000000	109.97039805
2468.00000000	109.64681757
2470.00000000	110.09209381
2472.00000000	109.85957012
2474.00000000	109.80700736
2476.00000000	109.88682150
2478.00000000	110.15759583
2480.00000000	109.81289742
2482.00000000	110.01650882
2484.00000000	110.24159776
2486.00000000	110.26711484
2488.00000000	110.19347612
2490.00000000	110.19155546
2492.00000000	110.29135692
2494.00000000	110.35906497
2496.00000000	110.36748538
2498.00000000	110.65221583
2500.00000000	110.32484098
2502.00000000	110.52326910
2504.00000000	110.61020725
2506.00000000	110.47043355
2508.00000000	110.47877758
2510.00000000	110.53369458
2512.00000000	110.92459167
2514.00000000	110.78903987
2516.00000000	110.67861213
2518.00000000	110.93925229
2520.00000000	110.65716553
2522.00000000	110.93522186
2524.00000000	110.90996863
2526.00000000	110.72293933
2528.00000000	110.87244798
2530.00000000	110.83131437
2532.00000000	111.14855553
2534.00000000	111.03002167
2536.00000000	111.26639715
2538.00000000	111.03410340
2540.00000000	111.20804785
2542.00000000	111.01626610
2544.00000000	111.14538226
2546.00000000	111.47438603
2548.00000000	111.07852523
2550.00000000	111.37947691
2552.00000000	111.41296911
2554.00000000	111.18606513
2556.00000000	111.45700686
2558.00000000	111.50474556
2560.00000000	111.47940069
2562.00000000	111.42339589
2564.00000000	111.53490221
2566.00000000	111.63365082
2568.00000000	111.62791818
2570.00000000	111.59067748
2572.00000000	111.62254829
2574.00000000	111.52773130
2576.00000000	111.68770403
2578.00000000	111.68829012
2580.00000000	111.71073701
2582.00000000	111.79745479
2584.00000000	111.93911258
2586.00000000	111.77597879
2588.00000000	111.86225649
2590.00000000	112.06861349
2592.00000000	112.07671959
2594.00000000	112.07532827
2596.00000000	112.03514549
2598.00000000	111.95705266
2600.00000000	111.91364839
2602.00000000	112.08572252
2604.00000000	112.11507834
2606.00000000	112.17854874
2608.00000000	112.00616979
2610.00000000	112.09311489
2612.00000000	112.37138285
2614.00000000	112.36263200
2616.00000000	112.29148127
2618.00000000	112.42487616
2620.00000000	112.34723359
2622.00000000	112.41136328
2624.00000000	112.54575908
2626.00000000	112.54196592
2628.00000000	112.87349970
2630.00000000	112.45594365
2632.00000000	112.74607109
2634.00000000	112.32213369
2636.00000000	112.82756466
2638.00000000	112.77463051
2640.00000000	112.53064556
2642.00000000	113.00003866
2644.00000000	112.73197035
2646.00000000	112.65813748
2648.00000000	112.69016148
2650.00000000	112.91944875
2652.00000000	112.74339450
2654.00000000	112.95413786
2656.00000000	112.80475748
2658.00000000	112.60303661
2660.00000000	113.10153579
2662.00000000	112.73681759
2664.00000000	112.90728981
2666.00000000	113.30778368
2668.00000000	112.85883094
2670.00000000	113.10508800
2672.00000000	113.19675549
2674.00000000	113.21257649
2676.00000000	112.86383145
2678.00000000	113.22982828
2680.00000000	113.19552982
2682.00000000	113.09987830
2684.00000000	113.09783631
2686.00000000	113.36947807
2688.00000000	113.37638451
2690.00000000	113.11901348
2692.00000000	113.20646816
2694.00000000	113.17684191
2696.00000000	113.33757616
2698.00000000	113.40599949
2700.00000000	113.35791737
2702.00000000	113.53967783
2704.00000000	113.45620359
2706.00000000	113.58278571
2708.00000000	113.44004141
2710.00000000	113.54011208
2712.00000000	113.63329494
2714.00000000	113.49579982
2716.00000000	113.50666304
2718.00000000	113.53107091
2720.00000000	113.66611417
2722.00000000	113.61353049
2724.00000000	113.81400693
2726.00000000	113.81387306
2728.00000000	113.88853303
2730.00000000	114.07421434
2732.00000000	113.76522379
2734.00000000	114.14900713
2736.00000000	114.10190409
2738.00000000	113.93519735
2740.00000000	114.34247309
2742.00000000	114.20060604
2744.00000000	114.25759388
2746.00000000	114.10846409
2748.00000000	114.45959961
2750.00000000	114.45146074
2752.00000000	114.53927748
2754.00000000	114.54537244
2756.00000000	114.83392127
2758.00000000	114.95385222
2760.00000000	115.07142701
2762.00000000	115.18069821
2764.00000000	115.17347578
2766.00000000	115.31784351
2768.00000000	115.56943832
2770.00000000	115.72026808
2772.00000000	116.01092350
2774.00000000	116.27859987
2776.00000000	116.34284480
2778.00000000	116.71809589
2780.00000000	117.13334556
2782.00000000	117.18562320
2784.00000000	117.72840392
2786.00000000	118.28822816
2788.00000000	118.42973627
2790.00000000	118.73572723
2792.00000000	119.51173381
2794.00000000	119.99178897
2796.00000000	120.36834375
2798.00000000	121.10529118
2800.00000000	121.86082111
2802.00000000	122.39207826
2804.00000000	123.18627001
2806.00000000	123.82571192
2808.00000000	124.73348513
2810.00000000	125.41305156
2812.00000000	126.57019611
2814.00000000	127.62675013
2816.00000000	128.37466947
2818.00000000	129.85473807
2820.00000000	130.94734189
2822.00000000	132.03739147
2824.00000000	133.51294091
2826.00000000	134.59416848
2828.00000000	136.36775794
2830.00000000	137.65070854
2832.00000000	139.29010833
2834.00000000	141.09077625
2836.00000000	142.70083815
2838.00000000	144.59015150
2840.00000000	146.45670091
2842.00000000	148.21985344
2844.00000000	150.30209165
2846.00000000	152.44183136
2848.00000000	154.65908847
2850.00000000	156.98780169
2852.00000000	159.30142248
2854.00000000	161.49061307
2856.00000000	164.05332768
2858.00000000	166.36651563
2860.00000000	168.80344862
2862.00000000	171.17949957
2864.00000000	173.98307106
2866.00000000	176.40911628
2868.00000000	179.06470136
2870.00000000	181.85567619
2872.00000000	184.51419734
2874.00000000	187.20559156
2876.00000000	189.83865465
2878.00000000	192.77000124
2880.00000000	194.96054856
2882.00000000	197.98698737
2884.00000000	200.65195163
2886.00000000	203.10492613
2888.00000000	205.78412832
2890.00000000	207.87410629
2892.00000000	210.51832918
2894.00000000	212.86716463
2896.00000000	215.35761397
2898.00000000	217.43929591
2900.00000000	219.77965709
2902.00000000	221.70160434
2904.00000000	223.54994966
2906.00000000	225.45425498
2908.00000000	227.04418656
2910.00000000	228.85236247
2912.00000000	230.24387946
2914.00000000	231.79586124
2916.00000000	232.73838220
2918.00000000	233.52137388
2920.00000000	234.50978320
2922.00000000	235.17008001
2924.00000000	235.95087186
2926.00000000	236.16757290
2928.00000000	236.41981208
2930.00000000	236.48113969
2932.00000000	236.59103940
2934.00000000	236.17898930
2936.00000000	236.07131354
2938.00000000	235.25988882
2940.00000000	234.65868849
2942.00000000	233.53723872
2944.00000000	232.63586620
2946.00000000	231.53004958
2948.00000000	230.20764053
2950.00000000	228.89173303
2952.00000000	227.36050825
2954.00000000	225.60702725
2956.00000000	223.74868135
2958.00000000	221.60360713
2960.00000000	219.88630438
2962.00000000	217.57828390
2964.00000000	215.61413360
2966.00000000	213.17465350
2968.00000000	210.86904352
2970.00000000	208.31109128
2972.00000000	205.51569399
2974.00000000	203.44763695
2976.00000000	200.54254049
2978.00000000	198.01133097
2980.00000000	195.34713513
2982.00000000	192.52594397
2984.00000000	189.78459217
2986.00000000	187.46224936
2988.00000000	184.62102831
2990.00000000	181.96928561
2992.00000000	179.39855363
2994.00000000	176.86056126
2996.00000000	174.22481284
2998.00000000	171.64601289
3000.00000000	169.10082357
3002.00000000	166.44558245
3004.00000000	164.05384641
3006.00000000	161.76566315
3008.00000000	159.41015194
3010.00000000	157.14048892
3012.00000000	154.98981471
3014.00000000	152.93693689
3016.00000000	150.66433798
3018.00000000	148.78784004
3020.00000000	146.75853918
3022.00000000	144.97940223
3024.00000000	143.16558467
3026.00000000	141.18992210
3028.00000000	139.65902724
3030.00000000	138.18279254
3032.00000000	136.55839451
3034.00000000	135.33908719
3036.00000000	133.89211667
3038.00000000	132.55227395
3040.00000000	131.38534166
3042.00000000	130.11114278
3044.00000000	128.97721673
3046.00000000	127.97537904
3048.00000000	127.04278607
3050.00000000	126.02928077
3052.00000000	125.18924856
3054.00000000	124.38531017
3056.00000000	123.47389390
3058.00000000	122.79596257
3060.00000000	122.07998752
3062.00000000	121.74469975
3064.00000000	121.03010429
3066.00000000	120.54169519
3068.00000000	119.88133882
3070.00000000	119.46557999
3072.00000000	119.23866110
3074.00000000	118.75712761
3076.00000000	118.49280866
3078.00000000	117.94013413
3080.00000000	117.60740297
3082.00000000	117.64852887
3084.00000000	117.04826097
3086.00000000	117.10906273
3088.00000000	116.60828586
3090.00000000	116.67330423
3092.00000000	116.30887809
3094.00000000	116.20173811
3096.00000000	115.95032770
3098.00000000	115.90717453
3100.00000000	115.56331096
3102.00000000	115.72406603
3104.00000000	115.56730467
3106.00000000	115.46539810
3108.00000000	115.36991586
3110.00000000	115.07399798
3112.00000000	115.19374924
3114.00000000	115.09396393
3116.00000000	114.79995982
3118.00000000	114.99802381
3120.00000000	114.89760678
3122.00000000	114.84941445
3124.00000000	115.01216814
3126.00000000	114.83580346
3128.00000000	114.62924481
3130.00000000	114.73769061
3132.00000000	115.08782099
3134.00000000	114.58578599
3136.00000000	114.62194435
3138.00000000	114.81813298
3140.00000000	114.69740774
3142.00000000	114.41570647
3144.00000000	114.49724924
3146.00000000	114.46981486
3148.00000000	114.56379638
3150.00000000	114.54862247
3152.00000000	114.69637555
3154.00000000	114.59195106
3156.00000000	114.53201553
3158.00000000	114.72522851
3160.00000000	114.68703450
3162.00000000	114.51674511
3164.00000000	114.62539952
3166.00000000	114.69689139
3168.00000000	114.41276903
3170.00000000	114.57578772
3172.00000000	114.64352516
3174.00000000	114.46033333
3176.00000000	114.74678250
3178.00000000	114.73783520
3180.00000000	114.35542706
3182.00000000	114.51465446
3184.00000000	114.56819482
3186.00000000	114.45403847
3188.00000000	114.32622739
3190.00000000	114.61676596
3192.00000000	114.43334013
3194.00000000	114.42471556
3196.00000000	114.37827934
3198.00000000	114.48096474
3200.00000000	114.69775747
3202.00000000	114.32042337
3204.00000000	114.49984120
3206.00000000	114.27842088
3208.00000000	114.44191883
3210.00000000	114.28018969
3212.00000000	114.33608166
3214.00000000	114.28666137
3216.00000000	114.37655598
3218.00000000	114.36114456
3220.00000000	114.49225844
3222.00000000	114.45907069
3224.00000000	114.30443445
3226.00000000	114.27473659
3228.00000000	114.30453953
3230.00000000	114.21525481
3232.00000000	114.22629491
3234.00000000	114.26135741
3236.00000000	114.32465216
3238.00000000	114.58492304
3240.00000000	114.46786682
3242.00000000	114.30317856
3244.00000000	114.17755291
3246.00000000	114.27941022
3248.00000000	114.23306410
3250.00000000	114.23065639
3252.00000000	114.52250703
3254.00000000	114.34849456
3256.00000000	114.26116788
3258.00000000	114.26382355
3260.00000000	114.15939828
3262.00000000	114.26637309
3264.00000000	114.45343763
3266.00000000	114.09756543
3268.00000000	114.22216650
3270.00000000	114.52094375
3272.00000000	114.27403203
3274.00000000	114.33899056
3276.00000000	114.32107047
3278.00000000	114.40041076
3280.00000000	114.28923065
3282.00000000	114.25071873
3284.00000000	114.14399828
3286.00000000	114.15897131
3288.00000000	114.29858232
3290.00000000	114.25069162
3292.00000000	114.22802095
3294.00000000	114.23338344
3296.00000000	114.39354195
3298.00000000	114.20665130
3300.00000000	114.22137981
