500.00000000	86.79685793
502.00000000	87.16303479
504.00000000	87.03881961
506.00000000	87.07392715
508.00000000	87.16969777
510.00000000	86.96004539
512.00000000	87.18594644
514.00000000	87.21301500
516.00000000	87.07249806
518.00000000	87.28594349
520.00000000	87.30433224
522.00000000	87.08832167
524.00000000	87.08909956
526.00000000	87.04356394
528.00000000	87.55928029
530.00000000	87.27730097
532.00000000	87.32396210
534.00000000	87.35112410
536.00000000	87.63161624
538.00000000	87.37130616
540.00000000	87.68426596
542.00000000	87.39187411
544.00000000	87.43241850
546.00000000	87.66505665
548.00000000	87.66711615
550.00000000	87.64302294
552.00000000	87.70972987
554.00000000	87.90109155
556.00000000	87.69382858
558.00000000	87.90092535
560.00000000	87.67044647
562.00000000	87.68181626
564.00000000	87.70630326
566.00000000	88.08758109
568.00000000	87.85308404
570.00000000	87.53871207
572.00000000	87.86230732
574.00000000	88.08168221
576.00000000	87.42466308
578.00000000	88.00892321
580.00000000	87.88365753
582.00000000	88.02673323
584.00000000	88.16188722
586.00000000	87.94710509
588.00000000	88.01451835
590.00000000	88.10973571
592.00000000	88.18455848
594.00000000	88.09367771
596.00000000	88.04771416
598.00000000	88.12222011
600.00000000	88.18209315
602.00000000	88.01016837
604.00000000	88.18974374
606.00000000	88.29114336
608.00000000	88.21631822
610.00000000	88.21348011
612.00000000	88.23309399
614.00000000	88.31804418
616.00000000	88.37238429
618.00000000	88.33870347
620.00000000	88.23885346
622.00000000	88.10595703
624.00000000	88.43779107
626.00000000	88.42188071
628.00000000	88.16499936
630.00000000	88.31740916
632.00000000	88.29358663
634.00000000	88.49503875
636.00000000	88.21664070
638.00000000	88.49904755
640.00000000	88.33175502
642.00000000	88.43868844
644.00000000	88.27361753
646.00000000	88.31307916
648.00000000	88.55979566
650.00000000	88.68642314
652.00000000	88.54627546
654.00000000	88.58955738
656.00000000	88.51301303
658.00000000	88.54809527
660.00000000	88.45631587
662.00000000	88.67173560
664.00000000	88.57068127
666.00000000	88.55576109
668.00000000	88.43840252
670.00000000	88.68658467
672.00000000	88.52405518
674.00000000	88.73582052
676.00000000	88.61174419
678.00000000	88.80159608
680.00000000	88.86789267
682.00000000	89.12471772
684.00000000	89.60087554
686.00000000	89.55222154
688.00000000	89.82023109
690.00000000	90.73235748
692.00000000	91.59111368
694.00000000	92.84517335
696.00000000	94.75698048
698.00000000	97.05186957
700.00000000	100.26064679
702.00000000	104.20540292
704.00000000	109.11176818
706.00000000	114.79112710
708.00000000	121.97272486
710.00000000	129.65429307
712.00000000	138.34404002
714.00000000	147.82382531
716.00000000	157.50652691
718.00000000	167.34291728
720.00000000	176.73758172
722.00000000	185.21127020
724.00000000	192.35761358
726.00000000	197.86292137
728.00000000	201.13548965
730.00000000	202.29868379
732.00000000	201.28108958
734.00000000	197.67870813
736.00000000	192.37889522
738.00000000	185.08036869
740.00000000	176.84141344
742.00000000	167.45804741
744.00000000	157.72236137
746.00000000	148.09502715
748.00000000	138.64348668
750.00000000	129.94122467
752.00000000	122.14879028
754.00000000	115.25034953
756.00000000	109.31474797
758.00000000	104.38124198
760.00000000	100.51236507
762.00000000	97.73706668
764.00000000	94.93975936
766.00000000	92.98177286
768.00000000	92.08636048
770.00000000	91.03436782
772.00000000	90.43446397
774.00000000	89.94073537
776.00000000	89.54836672
778.00000000	89.52561875
780.00000000	89.50565805
782.00000000	89.57229884
784.00000000	89.17189634
786.00000000	89.02301914
788.00000000	89.18068409
790.00000000	89.29039686
792.00000000	89.21845157
794.00000000	89.17538879
796.00000000	89.13208579
798.00000000	89.02970385
800.00000000	89.38604200
802.00000000	89.34812850
804.00000000	89.13908375
806.00000000	89.12860439
808.00000000	89.16833947
810.00000000	88.89176436
812.00000000	88.97044283
814.00000000	88.89613132
816.00000000	89.20461208
818.00000000	89.26584040
820.00000000	89.22298506
822.00000000	88.89347411
824.00000000	89.07606383
826.00000000	89.23727541
828.00000000	89.28189702
830.00000000	89.01745666
832.00000000	89.33684629
834.00000000	89.36842924
836.00000000	89.07796027
838.00000000	89.22118015
840.00000000	89.37878497
842.00000000	89.17698135
844.00000000	89.03705395
846.00000000	89.22420319
848.00000000	89.29114294
850.00000000	89.47741357
852.00000000	89.22863342
854.00000000	89.09240807
856.00000000	89.06903746
858.00000000	89.37333671
860.00000000	89.39249766
862.00000000	89.29983618
864.00000000	89.17982759
866.00000000	89.36433397
868.00000000	88.96724360
870.00000000	89.14205533
872.00000000	89.21859853
874.00000000	89.19841149
876.00000000	89.20050037
878.00000000	89.06096942
880.00000000	89.23016073
882.00000000	89.05313864
884.00000000	88.72176656
886.00000000	89.05820433
888.00000000	89.20319753
890.00000000	89.33790839
892.00000000	89.38711195
894.00000000	89.31817872
896.00000000	89.09907348
898.00000000	89.10054081
900.00000000	89.02731247
902.00000000	89.18356971
904.00000000	89.23834387
906.00000000	89.38803961
908.00000000	89.14920021
910.00000000	89.17648585
912.00000000	89.29984703
914.00000000	89.21379812
916.00000000	89.27098075
918.00000000	89.14378859
920.00000000	89.23541914
922.00000000	89.30700588
924.00000000	89.42037811
926.00000000	89.52589779
928.00000000	89.89837392
930.00000000	89.70437110
932.00000000	89.78703507
934.00000000	90.30440983
936.00000000	90.62860414
938.00000000	90.85938463
940.00000000	91.43749079
942.00000000	92.00803635
944.00000000	92.92946630
946.00000000	94.15357840
948.00000000	94.98464800
950.00000000	96.61615331
952.00000000	98.23327358
954.00000000	99.97979913
956.00000000	102.20180876
958.00000000	105.02597794
960.00000000	107.90689074
962.00000000	110.98598223
964.00000000	114.49028533
966.00000000	118.66325351
968.00000000	123.12852301
970.00000000	127.62177817
972.00000000	132.63196810
974.00000000	137.80331749
976.00000000	143.07831727
978.00000000	148.50640436
980.00000000	153.65601812
982.00000000	159.14127898
984.00000000	164.11952472
986.00000000	168.98541799
988.00000000	173.23027665
990.00000000	177.00531308
992.00000000	180.62960126
994.00000000	183.23488598
996.00000000	185.11687312
998.00000000	186.42484080
1000.00000000	186.88856529
1002.00000000	186.48516916
1004.00000000	185.31431302
1006.00000000	183.09616577
1008.00000000	180.50851643
1010.00000000	177.11352070
1012.00000000	173.36090112
1014.00000000	168.93327814
1016.00000000	163.87556019
1018.00000000	159.07697384
1020.00000000	153.71052121
1022.00000000	148.25707809
1024.00000000	142.81058032
1026.00000000	137.69350967
1028.00000000	132.46565472
1030.00000000	127.35216004
1032.00000000	122.81653571
1034.00000000	118.49057655
1036.00000000	114.57188437
1038.00000000	110.94918452
1040.00000000	107.62367223
1042.00000000	104.72369996
1044.00000000	102.05171409
1046.00000000	99.83297560
1048.00000000	98.00624463
1050.00000000	96.29617564
1052.00000000	94.93431934
1054.00000000	93.78321422
1056.00000000	92.80990063
1058.00000000	92.11956422
1060.00000000	91.15220890
1062.00000000	90.53227701
1064.00000000	90.13626743
1066.00000000	90.01332841
1068.00000000	89.74998267
1070.00000000	89.41742919
1072.00000000	89.37221186
1074.00000000	89.18159013
1076.00000000	89.06028294
1078.00000000	88.92302386
1080.00000000	88.92502133
1082.00000000	88.82114043
1084.00000000	88.71638045
1086.00000000	88.96745217
1088.00000000	88.86434218
1090.00000000	88.57679842
1092.00000000	88.93409011
1094.00000000	88.76014937
1096.00000000	88.81882442
1098.00000000	88.71862159
1100.00000000	88.73949735
1102.00000000	88.88139656
1104.00000000	88.78002105
1106.00000000	88.68942361
1108.00000000	88.62863415
1110.00000000	88.66656556
1112.00000000	88.63100954
1114.00000000	88.50647707
1116.00000000	88.93441850
1118.00000000	88.87640032
1120.00000000	88.51507180
1122.00000000	88.72320893
1124.00000000	88.65465199
1126.00000000	88.55723770
1128.00000000	88.72304932
1130.00000000	88.85292619
1132.00000000	88.70206523
1134.00000000	88.43884675
1136.00000000	88.59183006
1138.00000000	88.54834853
1140.00000000	88.53005187
1142.00000000	88.85782437
1144.00000000	88.61813770
1146.00000000	88.73616619
1148.00000000	88.47189614
1150.00000000	88.51941855
1152.00000000	88.50085225
1154.00000000	88.53957995
1156.00000000	88.56909573
1158.00000000	88.64242868
1160.00000000	88.47594050
1162.00000000	88.36286199
1164.00000000	88.48452320
1166.00000000	88.45392541
1168.00000000	88.46110348
1170.00000000	88.71502965
1172.00000000	88.57340469
1174.00000000	88.69630517
1176.00000000	88.41847473
1178.00000000	88.68862758
1180.00000000	88.34189792
1182.00000000	88.56058989
1184.00000000	88.66112086
1186.00000000	88.63607344
1188.00000000	88.52778792
1190.00000000	88.52035634
1192.00000000	88.73559557
1194.00000000	88.35690930
1196.00000000	88.47747334
1198.00000000	88.25572751
1200.00000000	88.57607136
1202.00000000	88.49523265
1204.00000000	88.52475263
1206.00000000	88.30775386
1208.00000000	88.40953442
1210.00000000	88.46734757
1212.00000000	88.54836359
1214.00000000	88.51635167
1216.00000000	88.29085910
1218.00000000	88.46299950
1220.00000000	88.50263630
1222.00000000	88.42742634
1224.00000000	88.57343418
1226.00000000	88.46672078
1228.00000000	88.30385363
1230.00000000	88.17159221
1232.00000000	88.43669874
1234.00000000	88.44165180
1236.00000000	88.51839612
1238.00000000	88.46406816
1240.00000000	88.39326895
1242.00000000	88.55610185
1244.00000000	88.32630463
1246.00000000	88.59817700
1248.00000000	88.14433375
1250.00000000	88.36971796
1252.00000000	88.58127997
1254.00000000	88.39261291
1256.00000000	88.32183452
1258.00000000	88.33393479
1260.00000000	88.52056270
1262.00000000	88.30497395
1264.00000000	88.25952896
1266.00000000	88.57008118
1268.00000000	88.17811613
1270.00000000	88.44080473
1272.00000000	88.47725619
1274.00000000	88.47420868
1276.00000000	88.56887375
1278.00000000	88.42055698
1280.00000000	88.44798119
1282.00000000	88.56055200
1284.00000000	88.47770885
1286.00000000	88.29460710
1288.00000000	88.34032438
1290.00000000	88.26118694
1292.00000000	88.54546652
1294.00000000	88.38985509
1296.00000000	88.30919537
1298.00000000	88.35469376
1300.00000000	88.52311583
1302.00000000	88.57834535
1304.00000000	88.27258691
1306.00000000	88.41980562
1308.00000000	88.42166300
1310.00000000	88.39230537
1312.00000000	88.40631733
1314.00000000	88.62673574
1316.00000000	88.31961686
1318.00000000	88.60370941
1320.00000000	88.57171058
1322.00000000	88.47790249
1324.00000000	88.32432172
1326.00000000	88.35553263
1328.00000000	88.55341515
1330.00000000	88.50241344
1332.00000000	88.56866715
1334.00000000	88.50392751
1336.00000000	88.40959394
1338.00000000	88.39954401
1340.00000000	88.56547132
1342.00000000	88.69211158
1344.00000000	88.50111804
1346.00000000	88.53777388
1348.00000000	88.69422811
1350.00000000	88.47554174
1352.00000000	88.46141153
1354.00000000	88.83774407
1356.00000000	88.70600176
1358.00000000	88.47915062
1360.00000000	88.56018802
1362.00000000	88.76957109
1364.00000000	88.82234697
1366.00000000	88.92848347
1368.00000000	89.09704650
1370.00000000	89.24842797
1372.00000000	89.42420233
1374.00000000	89.78853648
1376.00000000	89.91501174
1378.00000000	90.28321072
1380.00000000	90.81097036
1382.00000000	91.07667495
1384.00000000	91.51133939
1386.00000000	92.44583560
1388.00000000	92.96631361
1390.00000000	94.18162738
1392.00000000	95.11087610
1394.00000000	96.31324259
1396.00000000	97.73206486
1398.00000000	99.15069536
1400.00000000	100.83503237
1402.00000000	103.02357936
1404.00000000	104.60796686
1406.00000000	107.17320985
1408.00000000	109.59373145
1410.00000000	112.36057167
1412.00000000	115.28012616
1414.00000000	118.28727415
1416.00000000	121.70499557
1418.00000000	124.84524612
1420.00000000	128.27088960
1422.00000000	131.90689922
1424.00000000	135.47777766
1426.00000000	139.17040767
1428.00000000	142.72228746
1430.00000000	146.31188456
1432.00000000	149.70105171
1434.00000000	152.83646847
1436.00000000	155.66789310
1438.00000000	158.40844201
1440.00000000	160.65755444
1442.00000000	162.61999999
1444.00000000	163.99038766
1446.00000000	165.32648158
1448.00000000	165.92464244
1450.00000000	166.21550414
1452.00000000	165.89094240
1454.00000000	165.17836079
1456.00000000	164.06012525
1458.00000000	162.66774434
1460.00000000	160.81812465
1462.00000000	158.39156697
1464.00000000	155.82846538
1466.00000000	152.85574142
1468.00000000	150.02550058
1470.00000000	146.48556650
1472.00000000	142.79769650
1474.00000000	139.42714836
1476.00000000	136.05251920
1478.00000000	132.47033099
1480.00000000	128.65426559
1482.00000000	125.11272106
1484.00000000	122.14989035
1486.00000000	118.56047833
1488.00000000	115.80953577
1490.00000000	112.85776371
1492.00000000	110.06784963
1494.00000000	107.75385833
1496.00000000	105.42438110
1498.00000000	103.20010529
1500.00000000	101.34931186
1502.00000000	99.74227378
1504.00000000	98.23560042
1506.00000000	96.75137692
1508.00000000	95.64695585
1510.00000000	94.60466960
1512.00000000	93.62407137
1514.00000000	93.10660378
1516.00000000	92.51162678
1518.00000000	91.89029068
1520.00000000	91.52517898
1522.00000000	90.86442494
1524.00000000	91.00034653
1526.00000000	90.54351747
1528.00000000	90.06692670
1530.00000000	89.98079229
1532.00000000	89.98438142
1534.00000000	89.77915942
1536.00000000	89.86799192
1538.00000000	89.80102944
1540.00000000	89.74539675
1542.00000000	89.75553457
1544.00000000	89.72730911
1546.00000000	89.77439419
1548.00000000	89.72965235
1550.00000000	89.61235257
1552.00000000	89.73450611
1554.00000000	89.57471193
1556.00000000	90.01777421
1558.00000000	89.71757581
1560.00000000	89.68100860
1562.00000000	89.99868213
1564.00000000	89.87445445
1566.00000000	89.83973124
1568.00000000	89.84108772
1570.00000000	89.93888053
1572.00000000	89.92093386
1574.00000000	89.98806779
1576.00000000	90.28423479
1578.00000000	89.93388264
1580.00000000	90.23368898
1582.00000000	90.22357390
1584.00000000	90.06900699
1586.00000000	90.46799211
1588.00000000	90.54357946
1590.00000000	90.90628445
1592.00000000	91.10746077
1594.00000000	91.40701213
1596.00000000	91.71151088
1598.00000000	92.35099893
1600.00000000	92.84744354
1602.00000000	93.79227002
1604.00000000	94.65515307
1606.00000000	95.90279257
1608.00000000	96.93541167
1610.00000000	98.82914747
1612.00000000	100.25600271
1614.00000000	102.72201275
1616.00000000	104.85728715
1618.00000000	107.66403101
1620.00000000	110.68708862
1622.00000000	113.41447254
1624.00000000	116.81515040
1626.00000000	120.62222596
1628.00000000	124.10773914
1630.00000000	128.25176803
1632.00000000	131.87393625
1634.00000000	135.48722467
1636.00000000	139.11560473
1638.00000000	142.32139667
1640.00000000	145.20646992
1642.00000000	147.68529296
1644.00000000	149.76801784
1646.00000000	151.44949853
1648.00000000	152.32921582
1650.00000000	152.65443763
1652.00000000	152.59517267
1654.00000000	151.64528706
1656.00000000	150.18976444
1658.00000000	148.16184485
1660.00000000	145.85487766
1662.00000000	142.81622044
1664.00000000	139.63853658
1666.00000000	136.03353651
1668.00000000	132.27821926
1670.00000000	128.71181859
1672.00000000	124.85104618
1674.00000000	121.38675436
1676.00000000	117.78861496
1678.00000000	114.27539274
1680.00000000	111.36450963
1682.00000000	108.55624300
1684.00000000	105.81572569
1686.00000000	103.64105177
1688.00000000	101.64952999
1690.00000000	99.54955790
1692.00000000	98.37508619
1694.00000000	96.96028824
1696.00000000	95.65769428
1698.00000000	94.98880926
1700.00000000	94.29711018
1702.00000000	93.56701690
1704.00000000	93.23847467
1706.00000000	93.00107650
1708.00000000	92.59694424
1710.00000000	92.63587463
1712.00000000	92.39130018
1714.00000000	92.26936084
1716.00000000	92.23536654
1718.00000000	91.85624614
1720.00000000	92.07697056
1722.00000000	92.01507811
1724.00000000	92.29331894
1726.00000000	92.35727424
1728.00000000	92.31764691
1730.00000000	91.98716328
1732.00000000	92.22309149
1734.00000000	92.00636570
1736.00000000	92.03699623
1738.00000000	92.25073980
1740.00000000	92.29694828
1742.00000000	92.42571492
1744.00000000	92.24986952
1746.00000000	92.37473677
1748.00000000	92.40917519
1750.00000000	92.35243638
1752.00000000	92.58326831
1754.00000000	92.38691164
1756.00000000	92.60257325
1758.00000000	92.64504814
1760.00000000	92.91611937
1762.00000000	92.73778575
1764.00000000	92.69975157
1766.00000000	92.67226179
1768.00000000	92.74010364
1770.00000000	93.06035518
1772.00000000	93.03166766
1774.00000000	92.75584829
1776.00000000	92.92652673
1778.00000000	92.82956227
1780.00000000	92.96760904
1782.00000000	93.18782863
1784.00000000	93.11854456
1786.00000000	93.08310343
1788.00000000	93.22432521
1790.00000000	93.27279296
1792.00000000	93.11797743
1794.00000000	93.42276116
1796.00000000	93.15231082
1798.00000000	93.38467878
1800.00000000	93.46601122
1802.00000000	93.43281795
1804.00000000	93.42004862
1806.00000000	93.55038998
1808.00000000	93.35354239
1810.00000000	93.57867539
1812.00000000	93.58038975
1814.00000000	93.77497377
1816.00000000	93.89468196
1818.00000000	93.72326855
1820.00000000	93.53361629
1822.00000000	93.76861412
1824.00000000	93.99278604
1826.00000000	93.93815585
1828.00000000	94.21418718
1830.00000000	94.04334741
1832.00000000	94.13171473
1834.00000000	94.37104896
1836.00000000	94.27724068
1838.00000000	94.23015948
1840.00000000	94.22377572
1842.00000000	94.27091771
1844.00000000	94.40618674
1846.00000000	94.22590906
1848.00000000	94.46272774
1850.00000000	94.57088171
1852.00000000	94.40334637
1854.00000000	94.70892023
1856.00000000	94.73278091
1858.00000000	94.85453367
1860.00000000	94.71825665
1862.00000000	94.66012447
1864.00000000	94.90074937
1866.00000000	94.95852513
1868.00000000	94.80223456
1870.00000000	95.02665459
1872.00000000	94.94301684
1874.00000000	94.93296541
1876.00000000	95.08309468
1878.00000000	95.11897611
1880.00000000	95.14101134
1882.00000000	95.26497100
1884.00000000	95.16127835
1886.00000000	94.94099964
1888.00000000	95.36689489
1890.00000000	95.37501007
1892.00000000	95.32694831
1894.00000000	95.63775436
1896.00000000	95.69716267
1898.00000000	95.55460780
1900.00000000	95.58564757
1902.00000000	95.84269456
1904.00000000	95.54216850
1906.00000000	95.75694921
1908.00000000	95.66698761
1910.00000000	95.89436466
1912.00000000	96.06174868
1914.00000000	95.88583799
1916.00000000	96.12097680
1918.00000000	95.93571979
1920.00000000	96.01084118
1922.00000000	95.94671554
1924.00000000	96.29742277
1926.00000000	96.21541548
1928.00000000	96.51966429
1930.00000000	96.19767328
1932.00000000	96.37760207
1934.00000000	96.66040917
1936.00000000	96.48028793
1938.00000000	96.52918606
1940.00000000	96.39868847
1942.00000000	96.48766269
1944.00000000	96.62688833
1946.00000000	96.79302669
1948.00000000	96.53979065
1950.00000000	96.78075477
1952.00000000	96.79575078
1954.00000000	96.88843503
1956.00000000	96.76610263
1958.00000000	96.88273515
1960.00000000	96.83710898
1962.00000000	96.95510171
1964.00000000	97.42407172
1966.00000000	97.11072170
1968.00000000	97.28086558
1970.00000000	97.20016996
1972.00000000	97.24778692
1974.00000000	97.45220086
1976.00000000	97.38926531
1978.00000000	97.54051769
1980.00000000	97.68341367
1982.00000000	97.29457948
1984.00000000	97.72480966
1986.00000000	97.58413442
1988.00000000	97.71358916
1990.00000000	97.57085783
1992.00000000	97.77265603
1994.00000000	97.81946976
1996.00000000	97.65148049
1998.00000000	98.09946362
2000.00000000	98.01363790
2002.00000000	98.19045655
2004.00000000	98.11942150
2006.00000000	98.16956870
2008.00000000	98.33689519
2010.00000000	98.22912746
2012.00000000	98.35673109
2014.00000000	98.40998359
2016.00000000	98.29883054
2018.00000000	98.32977246
2020.00000000	98.48822947
2022.00000000	98.67823614
2024.00000000	98.90143964
2026.00000000	98.71819721
2028.00000000	98.90867970
2030.00000000	98.75492180
2032.00000000	98.86251462
2034.00000000	98.89457718
2036.00000000	98.97941756
2038.00000000	98.88620592
2040.00000000	99.09325940
2042.00000000	99.05195032
2044.00000000	99.11674113
2046.00000000	99.23332181
2048.00000000	99.47849808
2050.00000000	99.10149462
2052.00000000	99.49079868
2054.00000000	99.39588945
2056.00000000	99.55572689
2058.00000000	99.78785941
2060.00000000	99.55414243
2062.00000000	99.76962326
2064.00000000	99.83956709
2066.00000000	99.76682861
2068.00000000	100.00545048
2070.00000000	99.86123452
2072.00000000	100.03607493
2074.00000000	99.95487465
2076.00000000	100.15716240
2078.00000000	100.22676685
2080.00000000	100.13533581
2082.00000000	100.22024929
2084.00000000	100.27996807
2086.00000000	100.34492604
2088.00000000	100.43526491
2090.00000000	100.44575955
2092.00000000	100.46856355
2094.00000000	100.61601801
2096.00000000	100.65697627
2098.00000000	100.54972435
2100.00000000	100.97453601
2102.00000000	100.74685891
2104.00000000	100.99994032
2106.00000000	101.13735235
2108.00000000	100.87507445
2110.00000000	101.13872838
2112.00000000	101.24349142
2114.00000000	101.47232650
2116.00000000	101.54774642
2118.00000000	101.68153807
2120.00000000	101.64649299
2122.00000000	101.96392136
2124.00000000	102.15198752
2126.00000000	102.26529028
2128.00000000	102.14625543
2130.00000000	102.45209190
2132.00000000	102.66563194
2134.00000000	103.03762996
2136.00000000	103.18429405
2138.00000000	103.50551919
2140.00000000	103.88210611
2142.00000000	103.89562975
2144.00000000	104.59572496
2146.00000000	105.14974651
2148.00000000	105.33558535
2150.00000000	106.10496683
2152.00000000	106.67515531
2154.00000000	107.40043120
2156.00000000	108.11508844
2158.00000000	109.03193080
2160.00000000	109.51611806
2162.00000000	110.39811907
2164.00000000	111.58642969
2166.00000000	112.75289578
2168.00000000	113.77485346
2170.00000000	115.10233398
2172.00000000	116.54204169
2174.00000000	117.96155667
2176.00000000	119.40819162
2178.00000000	121.12018305
2180.00000000	122.97922315
2182.00000000	124.76611468
2184.00000000	126.61120383
2186.00000000	128.85291036
2188.00000000	130.97473682
2190.00000000	133.18828875
2192.00000000	135.51125555
2194.00000000	137.92061990
2196.00000000	140.59211214
2198.00000000	142.95808875
2200.00000000	145.81780549
2202.00000000	148.62550244
2204.00000000	151.25519889
2206.00000000	154.14800329
2208.00000000	156.92273373
2210.00000000	159.76303464
2212.00000000	162.68689041
2214.00000000	165.35441089
2216.00000000	168.21613453
2218.00000000	171.01243050
2220.00000000	174.01381104
2222.00000000	176.44617378
2224.00000000	179.24347838
2226.00000000	181.44489728
2228.00000000	183.80565862
2230.00000000	186.04085335
2232.00000000	187.93182597
2234.00000000	189.76069605
2236.00000000	191.51512506
2238.00000000	192.93610583
2240.00000000	194.08872058
2242.00000000	195.23733416
2244.00000000	196.31197477
2246.00000000	196.79861893
2248.00000000	197.34971688
2250.00000000	197.39204522
2252.00000000	197.32458787
2254.00000000	197.04176573
2256.00000000	196.51524253
2258.00000000	195.54434998
2260.00000000	194.97131172
2262.00000000	193.72340891
2264.00000000	192.02793727
2266.00000000	190.52834319
2268.00000000	188.76861994
2270.00000000	187.07843040
2272.00000000	184.92416509
2274.00000000	182.73320713
2276.00000000	180.30576310
2278.00000000	178.00773162
2280.00000000	175.36697423
2282.00000000	172.67397488
2284.00000000	170.06410722
2286.00000000	167.32688663
2288.00000000	164.53419726
2290.00000000	161.86222000
2292.00000000	159.04065656
2294.00000000	156.31954635
2296.00000000	153.54159982
2298.00000000	150.96535131
2300.00000000	148.44297792
2302.00000000	145.54168429
2304.00000000	143.48803027
2306.00000000	140.83215616
2308.00000000	138.48274405
2310.00000000	136.26033836
2312.00000000	134.22621425
2314.00000000	132.20407454
2316.00000000	130.06827988
2318.00000000	128.04721263
2320.00000000	126.27234579
2322.00000000	124.56896573
2324.00000000	123.13454678
2326.00000000	121.88645917
2328.00000000	120.57580178
2330.00000000	119.22669413
2332.00000000	117.99649034
2334.00000000	117.07959118
2336.00000000	115.89649492
2338.00000000	115.12290602
2340.00000000	114.33794729
2342.00000000	113.65963483
2344.00000000	112.75238640
2346.00000000	112.11247047
2348.00000000	111.67545980
2350.00000000	111.31591607
2352.00000000	110.71605174
2354.00000000	110.22156320
2356.00000000	109.88026068
2358.00000000	109.63557145
2360.00000000	109.30935826
2362.00000000	109.31027332
2364.00000000	109.25156508
2366.00000000	108.97255328
2368.00000000	108.73307284
2370.00000000	108.78335293
2372.00000000	108.65305145
2374.00000000	108.56567177
2376.00000000	108.34217169
2378.00000000	108.54321574
2380.00000000	108.34151366
2382.00000000	108.17714820
2384.00000000	108.25549223
2386.00000000	108.05439881
2388.00000000	108.49241396
2390.00000000	108.28290305
2392.00000000	108.38844182
2394.00000000	108.54677338
2396.00000000	108.17856831
2398.00000000	108.44979523
2400.00000000	108.46129551
2402.00000000	108.28181971
2404.00000000	108.44800285
2406.00000000	108.23950453
2408.00000000	108.71177378
2410.00000000	108.70095800
2412.00000000	108.39132993
2414.00000000	108.69543854
2416.00000000	108.75607665
2418.00000000	108.77815980
2420.00000000	108.75504108
2422.00000000	108.75552157
2424.00000000	108.77140687
2426.00000000	108.89982116
2428.00000000	109.08934993
2430.00000000	108.97243641
2432.00000000	108.94954280
2434.00000000	109.02252851
2436.00000000	109.07500562
2438.00000000	109.14095807
2440.00000000	109.12290720
2442.00000000	109.36905015
2444.00000000	109.52898029
2446.00000000	109.29419369
2448.00000000	109.13522122
2450.00000000	109.54659344
2452.00000000	109.32979549
2454.00000000	109.52678936
2456.00000000	109.52537698
2458.00000000	109.65429285
2460.00000000	109.82356522
2462.00000000	109.45817483
2464.00000000	109.64755707
2466.00000000	109.80906611
2468.00000000	109.77844994
2470.00000000	109.93366440
2472.00000000	109.71684457
2474.00000000	109.99369021
2476.00000000	109.81738238
2478.00000000	110.12744196
2480.00000000	110.09050029
2482.00000000	110.09317484
2484.00000000	110.04739928
2486.00000000	110.29795257
2488.00000000	110.16992635
2490.00000000	110.10732428
2492.00000000	110.19598903
2494.00000000	110.33646323
2496.00000000	110.22544765
2498.00000000	110.40570596
2500.00000000	110.27696901
2502.00000000	110.36499479
2504.00000000	110.31455887
2506.00000000	110.26077472
2508.00000000	110.39103880
2510.00000000	110.55668933
2512.00000000	110.57591423
2514.00000000	110.68742048
2516.00000000	110.71764803
2518.00000000	110.88944698
2520.00000000	110.65412251
2522.00000000	110.78775822
2524.00000000	110.98806312
2526.00000000	110.83677368
2528.00000000	110.83405150
2530.00000000	111.17853737
2532.00000000	110.90837942
2534.00000000	111.12604553
2536.00000000	111.24082391
2538.00000000	111.35052131
2540.00000000	110.88211487
2542.00000000	111.23595170
2544.00000000	111.31396636
2546.00000000	111.41570961
2548.00000000	111.18300547
2550.00000000	111.12947242
2552.00000000	111.20138343
2554.00000000	111.50702152
2556.00000000	111.46040309
2558.00000000	111.39105215
2560.00000000	111.30222606
2562.00000000	111.65558097
2564.00000000	111.50847555
2566.00000000	111.64669602
2568.00000000	111.44896937
2570.00000000	111.74391824
2572.00000000	111.59018071
2574.00000000	111.61197032
2576.00000000	111.69747647
2578.00000000	111.68534521
2580.00000000	112.04492698
2582.00000000	111.81621185
2584.00000000	111.72837104
2586.00000000	111.80086247
2588.00000000	111.69981937
2590.00000000	111.87663825
2592.00000000	111.92970036
2594.00000000	111.84294899
2596.00000000	112.14021886
2598.00000000	112.10984777
2600.00000000	112.26737672
2602.00000000	112.07945568
2604.00000000	112.06481978
2606.00000000	112.03028245
2608.00000000	112.14376876
2610.00000000	112.23651276
2612.00000000	112.06822597
2614.00000000	112.23052513
2616.00000000	112.30089579
2618.00000000	112.41321490
2620.00000000	112.11146132
2622.00000000	112.47016036
2624.00000000	112.70103984
2626.00000000	112.48545866
2628.00000000	112.48428952
2630.00000000	112.72699585
2632.00000000	112.54514451
2634.00000000	112.80986639
2636.00000000	112.58067438
2638.00000000	112.59098496
2640.00000000	112.69056117
2642.00000000	112.77355024
2644.00000000	112.93087896
2646.00000000	112.82893638
2648.00000000	112.70534809
2650.00000000	112.88904951
2652.00000000	112.71473694
2654.00000000	112.99489128
2656.00000000	112.80025911
2658.00000000	112.98299405
2660.00000000	112.99272770
2662.00000000	112.79402464
2664.00000000	112.98181922
2666.00000000	113.00849619
2668.00000000	113.06784350
2670.00000000	112.99727040
2672.00000000	113.09710017
2674.00000000	113.16762372
2676.00000000	113.24289033
2678.00000000	113.00071505
2680.00000000	113.24710221
2682.00000000	113.37801647
2684.00000000	113.23263495
2686.00000000	113.27254359
2688.00000000	113.22318436
2690.00000000	113.30636781
2692.00000000	113.22142250
2694.00000000	113.30478678
2696.00000000	113.37996544
2698.00000000	113.49403034
2700.00000000	113.43930967
2702.00000000	113.33664206
2704.00000000	113.41080224
2706.00000000	113.39849908
2708.00000000	113.53430566
2710.00000000	113.67772799
2712.00000000	113.47152381
2714.00000000	113.63627094
2716.00000000	113.52445055
2718.00000000	113.31213587
2720.00000000	113.78015161
2722.00000000	113.68885834
2724.00000000	113.81921920
2726.00000000	113.66408012
2728.00000000	113.68445707
2730.00000000	113.88909430
2732.00000000	113.96791917
2734.00000000	113.89885391
2736.00000000	114.13545442
2738.00000000	114.13836559
2740.00000000	114.15995172
2742.00000000	114.30405797
2744.00000000	114.12782541
2746.00000000	114.20866328
2748.00000000	114.30825646
2750.00000000	114.49924774
2752.00000000	114.70264129
2754.00000000	114.75553677
2756.00000000	114.82397910
2758.00000000	115.02795644
2760.00000000	114.72867952
2762.00000000	115.17799702
2764.00000000	115.36498422
2766.00000000	115.32203483
2768.00000000	115.51149099
2770.00000000	115.89099589
2772.00000000	115.95146920
2774.00000000	116.31807915
2776.00000000	116.51417574
2778.00000000	116.85774140
2780.00000000	117.19129313
2782.00000000	117.36592158
2784.00000000	117.78968251
2786.00000000	118.05538410
2788.00000000	118.48540524
2790.00000000	118.99764750
2792.00000000	119.38811646
2794.00000000	119.89372410
2796.00000000	120.47759653
2798.00000000	120.93758761
2800.00000000	121.84632953
2802.00000000	122.35237219
2804.00000000	123.19140540
2806.00000000	123.87021164
2808.00000000	124.85071354
2810.00000000	125.80141937
2812.00000000	126.70256949
2814.00000000	127.91044735
2816.00000000	128.44982224
2818.00000000	130.09647996
2820.00000000	131.15541918
2822.00000000	132.40537326
2824.00000000	133.67507366
2826.00000000	134.90011861
2828.00000000	136.45404142
2830.00000000	138.04743954
2832.00000000	139.85056442
2834.00000000	141.35294302
2836.00000000	143.05918259
2838.00000000	144.90336026
2840.00000000	146.95087098
2842.00000000	148.98820978
2844.00000000	150.77322104
2846.00000000	153.05519180
2848.00000000	155.19012290
2850.00000000	157.29864309
2852.00000000	159.70336751
2854.00000000	162.05168705
2856.00000000	164.58245638
2858.00000000	167.05656590
2860.00000000	169.47980283
2862.00000000	172.13443707
2864.00000000	174.63072748
2866.00000000	177.47285820
2868.00000000	180.12361986
2870.00000000	182.56276687
2872.00000000	185.78903273
2874.00000000	188.13822274
2876.00000000	191.00194447
2878.00000000	193.81571156
2880.00000000	196.59529124
2882.00000000	198.94784387
2884.00000000	201.82332751
2886.00000000	204.28634397
2888.00000000	206.97384559
2890.00000000	209.21955491
2892.00000000	212.18389411
2894.00000000	214.51422594
2896.00000000	217.01061627
2898.00000000	219.17296078
2900.00000000	221.22185342
2902.00000000	223.32959216
2904.00000000	225.24428078
2906.00000000	227.08371419
2908.00000000	228.50224462
2910.00000000	230.46501788
2912.00000000	231.80358813
2914.00000000	233.20564476
2916.00000000	234.37754708
2918.00000000	235.35143179
2920.00000000	236.23808717
2922.00000000	236.94667349
2924.00000000	237.72679980
2926.00000000	237.93357271
2928.00000000	238.35874021
2930.00000000	238.23946954
2932.00000000	238.38671882
2934.00000000	238.13297296
2936.00000000	237.60699437
2938.00000000	236.79323216
2940.00000000	236.53446352
2942.00000000	235.62095222
2944.00000000	234.31339492
2946.00000000	233.40714672
2948.00000000	232.13483665
2950.00000000	230.42420208
2952.00000000	228.79278874
2954.00000000	227.30612600
2956.00000000	225.29174688
2958.00000000	223.43800869
2960.00000000	221.28724444
2962.00000000	219.09749026
2964.00000000	216.88802868
2966.00000000	214.59623437
2968.00000000	212.20910041
2970.00000000	209.63320226
2972.00000000	207.15958270
2974.00000000	204.40935663
2976.00000000	202.06958199
2978.00000000	199.37895788
2980.00000000	196.75329723
2982.00000000	193.86846602
2984.00000000	191.20431925
2986.00000000	188.29378365
2988.00000000	185.65498209
2990.00000000	182.99387693
2992.00000000	180.44487466
2994.00000000	177.65689648
2996.00000000	174.93156177
2998.00000000	172.34952838
3000.00000000	169.73027513
3002.00000000	167.44800369
3004.00000000	164.91771286
3006.00000000	162.14210878
3008.00000000	159.83850559
3010.00000000	157.74559858
3012.00000000	155.36394962
3014.00000000	153.22615836
3016.00000000	151.02582449
3018.00000000	149.14335668
3020.00000000	147.26037064
3022.00000000	145.34219004
3024.00000000	143.54817322
3026.00000000	141.55272338
3028.00000000	140.33961972
3030.00000000	138.53436927
3032.00000000	137.13057009
3034.00000000	135.55373373
3036.00000000	134.09554151
3038.00000000	132.60287759
3040.00000000	131.64811859
3042.00000000	130.37021870
3044.00000000	128.92556245
3046.00000000	128.17192482
3048.00000000	127.11590659
3050.00000000	126.22483480
3052.00000000	125.47867762
3054.00000000	124.53287592
3056.00000000	123.92910026
3058.00000000	123.14414245
3060.00000000	122.25290017
3062.00000000	121.81920900
3064.00000000	121.41611464
3066.00000000	120.57844099
3068.00000000	120.11296166
3070.00000000	119.57348508
3072.00000000	118.86802926
3074.00000000	119.01630001
3076.00000000	118.45696920
3078.00000000	118.10554011
3080.00000000	117.82368385
3082.00000000	117.33104979
3084.00000000	116.97331078
3086.00000000	116.95356463
3088.00000000	116.77026260
3090.00000000	116.50332200
3092.00000000	116.34186978
3094.00000000	116.28229353
3096.00000000	116.12924212
3098.00000000	115.97855522
3100.00000000	115.74245240
3102.00000000	115.74970737
3104.00000000	115.62198579
3106.00000000	115.52487934
3108.00000000	115.39824697
3110.00000000	115.31043419
3112.00000000	115.20628120
3114.00000000	115.01252955
3116.00000000	115.06026763
3118.00000000	115.20766119
3120.00000000	114.93152726
3122.00000000	114.97725949
3124.00000000	114.81365698
3126.00000000	114.99441053
3128.00000000	114.75209573
3130.00000000	114.77387021
3132.00000000	114.67748169
3134.00000000	114.80798750
3136.00000000	114.85413801
3138.00000000	114.74607399
3140.00000000	114.84884746
3142.00000000	114.62093781
3144.00000000	114.73429324
3146.00000000	114.79669350
3148.00000000	114.61106705
3150.00000000	114.66822306
3152.00000000	114.67301865
3154.00000000	114.70093447
3156.00000000	114.50356797
3158.00000000	114.72833641
3160.00000000	114.45655369
3162.00000000	114.53539910
3164.00000000	114.70300383
3166.00000000	114.66505373
3168.00000000	114.57523462
3170.00000000	114.66773021
3172.00000000	114.48951849
3174.00000000	114.38679101
3176.00000000	114.27308348
3178.00000000	114.65316179
3180.00000000	114.50049544
3182.00000000	114.46718920
3184.00000000	114.47224326
3186.00000000	114.53190372
3188.00000000	114.53483591
3190.00000000	114.48709504
3192.00000000	114.49364769
3194.00000000	114.43971706
3196.00000000	114.48715072
3198.00000000	114.50275789
3200.00000000	114.63055106
3202.00000000	114.33494914
3204.00000000	114.57355124
3206.00000000	114.40581760
3208.00000000	114.40420014
3210.00000000	114.54049099
3212.00000000	114.53885565
3214.00000000	114.39627473
3216.00000000	114.33420111
3218.00000000	114.24810631
3220.00000000	114.47995172
3222.00000000	114.49702696
3224.00000000	114.32137543
3226.00000000	114.43587547
3228.00000000	114.37113235
3230.00000000	114.26644968
3232.00000000	114.38662962
3234.00000000	114.27652128
3236.00000000	114.42333917
3238.00000000	114.46185734
3240.00000000	114.24819881
3242.00000000	114.22821325
3244.00000000	114.10527885
3246.00000000	114.42353845
3248.00000000	114.47421737
3250.00000000	114.42641071
3252.00000000	114.45400279
3254.00000000	114.27277134
3256.00000000	114.23841147
3258.00000000	114.29530803
3260.00000000	114.27118095
3262.00000000	114.28514410
3264.00000000	114.39139394
3266.00000000	114.24502245
3268.00000000	114.25577743
3270.00000000	114.25294782
3272.00000000	114.31377057
3274.00000000	114.35172582
3276.00000000	114.47024250
3278.00000000	114.29284380
3280.00000000	114.42947149
3282.00000000	114.27729877
3284.00000000	114.30767862
3286.00000000	114.39874796
3288.00000000	114.14803906
3290.00000000	114.13774528
3292.00000000	114.28266575
3294.00000000	114.11927052
3296.00000000	114.38727824
3298.00000000	114.29375919
3300.00000000	114.21496856
