500.00000000	87.08001588
502.00000000	86.87808817
504.00000000	87.07737036
506.00000000	86.85735047
508.00000000	87.07329219
510.00000000	86.92392580
512.00000000	87.44605853
514.00000000	87.19592713
516.00000000	86.99903216
518.00000000	87.07377309
520.00000000	87.04363505
522.00000000	87.32086671
524.00000000	87.33115698
526.00000000	87.16004262
528.00000000	87.42777025
530.00000000	87.35608643
532.00000000	87.44600856
534.00000000	87.49409661
536.00000000	87.44642108
538.00000000	87.38147854
540.00000000	87.68412273
542.00000000	87.47562957
544.00000000	87.48562624
546.00000000	87.43228144
548.00000000	87.43850358
550.00000000	87.46321479
552.00000000	87.86260206
554.00000000	87.59920310
556.00000000	87.68578713
558.00000000	87.72357730
560.00000000	87.71738365
562.00000000	87.67959597
564.00000000	87.69812823
566.00000000	87.69496335
568.00000000	87.70513756
570.00000000	87.77749371
572.00000000	87.91790969
574.00000000	87.65422781
576.00000000	87.81556520
578.00000000	87.83608136
580.00000000	87.93252112
582.00000000	87.82346509
584.00000000	87.83536150
586.00000000	88.05849702
588.00000000	87.92839684
590.00000000	88.10133116
592.00000000	88.11520941
594.00000000	88.27851809
596.00000000	87.98968316
598.00000000	88.11526352
600.00000000	88.23399540
602.00000000	88.23092128
604.00000000	87.99630925
606.00000000	88.06345013
608.00000000	88.21592122
610.00000000	88.37937987
612.00000000	88.08450214
614.00000000	88.03901103
616.00000000	87.92343905
618.00000000	88.25280644
620.00000000	88.28252491
622.00000000	88.44889481
624.00000000	88.17619588
626.00000000	88.27776927
628.00000000	88.29762467
630.00000000	88.47741527
632.00000000	88.32409835
634.00000000	88.35916118
636.00000000	88.28168510
638.00000000	88.67166532
640.00000000	88.55815268
642.00000000	88.47938240
644.00000000	88.79893795
646.00000000	88.30958102
648.00000000	88.62196521
650.00000000	88.76565833
652.00000000	88.40130663
654.00000000	88.67673697
656.00000000	88.61267110
658.00000000	88.40257602
660.00000000	88.59620840
662.00000000	88.86855028
664.00000000	88.66992887
666.00000000	88.50267921
668.00000000	88.52123033
670.00000000	88.67191009
672.00000000	88.67700995
674.00000000	88.55079923
676.00000000	88.78418480
678.00000000	88.66565363
680.00000000	88.69617907
682.00000000	89.06036672
684.00000000	89.05003965
686.00000000	89.43824277
688.00000000	89.55061987
690.00000000	90.01118127
692.00000000	90.60264683
694.00000000	91.30669682
696.00000000	92.77750098
698.00000000	94.36614100
700.00000000	96.50361976
702.00000000	98.84285202
704.00000000	102.31694492
706.00000000	106.12420049
708.00000000	110.85958333
710.00000000	116.18481387
712.00000000	121.87483874
714.00000000	128.10121507
716.00000000	134.65113066
718.00000000	141.18975643
720.00000000	147.64821169
722.00000000	153.00915518
724.00000000	158.03944310
726.00000000	161.57249450
728.00000000	163.98916569
730.00000000	164.70793764
732.00000000	163.89624072
734.00000000	161.51856356
736.00000000	157.86120918
738.00000000	153.20075095
740.00000000	147.61372836
742.00000000	141.47430931
744.00000000	134.85352968
746.00000000	128.48893106
748.00000000	122.07499539
750.00000000	116.24631452
752.00000000	111.00543086
754.00000000	106.20918255
756.00000000	102.60999653
758.00000000	99.29022100
760.00000000	96.74073909
762.00000000	94.64365443
764.00000000	93.07598832
766.00000000	91.64240291
768.00000000	90.75593383
770.00000000	90.28066387
772.00000000	89.87480712
774.00000000	89.66811041
776.00000000	89.52444395
778.00000000	89.17987424
780.00000000	89.35183873
782.00000000	88.92882505
784.00000000	89.39443829
786.00000000	89.35784999
788.00000000	89.09613925
790.00000000	89.19992171
792.00000000	89.32809435
794.00000000	89.12668201
796.00000000	89.34526963
798.00000000	89.02897883
800.00000000	89.13914975
802.00000000	89.00554034
804.00000000	89.36718639
806.00000000	89.08307554
808.00000000	89.18418578
810.00000000	89.13493459
812.00000000	89.17887165
814.00000000	89.14387664
816.00000000	89.20998415
818.00000000	89.23493954
820.00000000	89.15666974
822.00000000	89.11997043
824.00000000	89.13346996
826.00000000	89.14234274
828.00000000	89.15865640
830.00000000	89.23279286
832.00000000	89.30100289
834.00000000	89.19134487
836.00000000	89.23072977
838.00000000	89.15540839
840.00000000	88.99297319
842.00000000	89.17412597
844.00000000	88.95314485
846.00000000	88.90482238
848.00000000	89.37274302
850.00000000	89.23399043
852.00000000	89.26829798
854.00000000	89.27786156
856.00000000	89.24715335
858.00000000	89.13795070
860.00000000	89.05344739
862.00000000	89.22865580
864.00000000	89.23767289
866.00000000	89.34049602
868.00000000	89.27098156
870.00000000	89.28100390
872.00000000	89.16133553
874.00000000	89.28059515
876.00000000	89.22190796
878.00000000	89.27177894
880.00000000	89.43062847
882.00000000	89.27800114
884.00000000	89.20287344
886.00000000	89.37952644
888.00000000	89.28126524
890.00000000	89.24212204
892.00000000	89.15383896
894.00000000	89.19018570
896.00000000	89.14442509
898.00000000	89.06680238
900.00000000	89.22470299
902.00000000	89.13010011
904.00000000	89.47027521
906.00000000	89.15164558
908.00000000	89.23099150
910.00000000	89.17455176
912.00000000	89.26440423
914.00000000	88.94176660
916.00000000	89.32223665
918.00000000	89.34722707
920.00000000	89.61537736
922.00000000	89.46844020
924.00000000	89.51636428
926.00000000	89.46642197
928.00000000	89.60096622
930.00000000	89.69554583
932.00000000	89.79511143
934.00000000	90.28550136
936.00000000	90.35711265
938.00000000	90.77971893
940.00000000	91.30703928
942.00000000	91.91981079
944.00000000	92.85937795
946.00000000	93.66741642
948.00000000	94.77804947
950.00000000	96.07884515
952.00000000	97.46230198
954.00000000	99.46767985
956.00000000	101.65220038
958.00000000	103.93377792
960.00000000	106.65971541
962.00000000	109.72721580
964.00000000	113.30309174
966.00000000	116.98918125
968.00000000	120.92130236
970.00000000	125.40280145
972.00000000	130.16953878
974.00000000	135.01678365
976.00000000	139.85027938
978.00000000	145.24660508
980.00000000	150.22260562
982.00000000	155.00337305
984.00000000	159.62836776
986.00000000	164.29707740
988.00000000	168.40512623
990.00000000	172.17288353
992.00000000	175.17535928
994.00000000	177.69987646
996.00000000	179.57582622
998.00000000	180.78750864
1000.00000000	181.21323665
1002.00000000	180.79287668
1004.00000000	179.44462600
1006.00000000	177.64314186
1008.00000000	175.28278633
1010.00000000	171.97038168
1012.00000000	168.26541137
1014.00000000	164.16017358
1016.00000000	159.72869800
1018.00000000	155.02862529
1020.00000000	149.93022838
1022.00000000	144.84054867
1024.00000000	139.93267984
1026.00000000	134.81544263
1028.00000000	129.98778019
1030.00000000	125.29586061
1032.00000000	120.70721388
1034.00000000	116.89999677
1036.00000000	113.22265091
1038.00000000	109.63678959
1040.00000000	106.63546928
1042.00000000	103.57160819
1044.00000000	101.18312571
1046.00000000	99.02325295
1048.00000000	97.22355207
1050.00000000	95.75915728
1052.00000000	94.60354805
1054.00000000	93.40930098
1056.00000000	92.26331485
1058.00000000	91.91036552
1060.00000000	91.15953904
1062.00000000	90.63588791
1064.00000000	90.22062179
1066.00000000	89.95552008
1068.00000000	89.50199227
1070.00000000	89.37555657
1072.00000000	89.14327629
1074.00000000	89.17641221
1076.00000000	89.09789153
1078.00000000	89.04572397
1080.00000000	88.81089777
1082.00000000	88.81289443
1084.00000000	88.77876201
1086.00000000	88.78115691
1088.00000000	88.73905429
1090.00000000	88.70532200
1092.00000000	88.78554854
1094.00000000	88.82621409
1096.00000000	88.76650596
1098.00000000	88.75459805
1100.00000000	88.76921622
1102.00000000	88.79441728
1104.00000000	88.66254396
1106.00000000	88.54048632
1108.00000000	88.58518242
1110.00000000	88.55160728
1112.00000000	88.85867883
1114.00000000	88.94888756
1116.00000000	88.51707727
1118.00000000	88.42875159
1120.00000000	88.67145492
1122.00000000	88.71283324
1124.00000000	88.53631660
1126.00000000	88.88106587
1128.00000000	88.47765772
1130.00000000	88.47234726
1132.00000000	88.80099000
1134.00000000	88.65233902
1136.00000000	88.42428806
1138.00000000	88.74808251
1140.00000000	88.58800568
1142.00000000	88.76645556
1144.00000000	88.49972023
1146.00000000	88.41543283
1148.00000000	88.48390160
1150.00000000	88.58748802
1152.00000000	88.50492321
1154.00000000	88.53913144
1156.00000000	88.48979448
1158.00000000	88.33949330
1160.00000000	88.41523712
1162.00000000	88.66300461
1164.00000000	88.62410851
1166.00000000	88.70353461
1168.00000000	88.75199704
1170.00000000	88.66214759
1172.00000000	88.45500640
1174.00000000	88.59366360
1176.00000000	88.62859043
1178.00000000	88.34120394
1180.00000000	88.52971573
1182.00000000	88.46005239
1184.00000000	88.33792208
1186.00000000	88.50508466
1188.00000000	88.59510787
1190.00000000	88.56222086
1192.00000000	88.38566567
1194.00000000	88.30704396
1196.00000000	88.45742907
1198.00000000	88.47013463
1200.00000000	88.49959648
1202.00000000	88.49712913
1204.00000000	88.45019810
1206.00000000	88.49229210
1208.00000000	88.59458382
1210.00000000	88.34404867
1212.00000000	88.43336981
1214.00000000	88.53761198
1216.00000000	88.43061302
1218.00000000	88.57875128
1220.00000000	88.52483614
1222.00000000	88.50982751
1224.00000000	88.43203094
1226.00000000	88.40659542
1228.00000000	88.52991184
1230.00000000	88.41083539
1232.00000000	88.52541023
1234.00000000	88.58918783
1236.00000000	88.39155079
1238.00000000	88.52433721
1240.00000000	88.53503774
1242.00000000	88.11959612
1244.00000000	88.48896904
1246.00000000	88.27596259
1248.00000000	88.29921563
1250.00000000	88.26756030
1252.00000000	88.20922813
1254.00000000	88.58030934
1256.00000000	88.41727530
1258.00000000	88.45567265
1260.00000000	88.46992139
1262.00000000	88.33836127
1264.00000000	88.32764656
1266.00000000	88.43987514
1268.00000000	88.49335023
1270.00000000	88.54143248
1272.00000000	88.46667734
1274.00000000	88.43676737
1276.00000000	88.41442754
1278.00000000	88.43613955
1280.00000000	88.77784011
1282.00000000	88.43538029
1284.00000000	88.33304865
1286.00000000	88.64056893
1288.00000000	88.42349879
1290.00000000	88.55730056
1292.00000000	88.45408938
1294.00000000	88.52783884
1296.00000000	88.25749778
1298.00000000	88.68710679
1300.00000000	88.48774314
1302.00000000	88.41401162
1304.00000000	88.50854367
1306.00000000	88.57263414
1308.00000000	88.35312705
1310.00000000	88.40140534
1312.00000000	88.49404546
1314.00000000	88.39138920
1316.00000000	88.34313077
1318.00000000	88.39791895
1320.00000000	88.36957358
1322.00000000	88.48931765
1324.00000000	88.47716743
1326.00000000	88.36061383
1328.00000000	88.27303687
1330.00000000	88.29755504
1332.00000000	88.43420777
1334.00000000	88.62388725
1336.00000000	88.47735773
1338.00000000	88.45920828
1340.00000000	88.71648964
1342.00000000	88.45537017
1344.00000000	88.74526044
1346.00000000	88.45215146
1348.00000000	88.50194210
1350.00000000	88.54551397
1352.00000000	88.62738588
1354.00000000	88.70744089
1356.00000000	88.70674503
1358.00000000	88.90172603
1360.00000000	88.82787929
1362.00000000	88.92225472
1364.00000000	89.01875729
1366.00000000	89.17437052
1368.00000000	89.27849099
1370.00000000	89.47801359
1372.00000000	89.68788979
1374.00000000	90.18645287
1376.00000000	90.59413453
1378.00000000	91.18014121
1380.00000000	91.68437822
1382.00000000	92.09541500
1384.00000000	93.03013626
1386.00000000	93.72865185
1388.00000000	94.86885268
1390.00000000	96.39230028
1392.00000000	97.63916154
1394.00000000	99.17267411
1396.00000000	101.10841247
1398.00000000	103.52410185
1400.00000000	105.92138188
1402.00000000	108.61572709
1404.00000000	111.51754678
1406.00000000	114.75177637
1408.00000000	118.25331053
1410.00000000	122.00111229
1412.00000000	125.94858755
1414.00000000	130.40824984
1416.00000000	134.86875348
1418.00000000	139.53626351
1420.00000000	144.54412667
1422.00000000	149.61369030
1424.00000000	154.65360710
1426.00000000	159.50126843
1428.00000000	164.60365597
1430.00000000	169.64675396
1432.00000000	174.22632703
1434.00000000	178.65536444
1436.00000000	182.78533661
1438.00000000	186.33855884
1440.00000000	189.64624546
1442.00000000	192.72569152
1444.00000000	194.57892554
1446.00000000	196.30692973
1448.00000000	197.33297813
1450.00000000	197.78186133
1452.00000000	197.38260134
1454.00000000	196.23830752
1456.00000000	194.56547461
1458.00000000	192.58133420
1460.00000000	189.83891188
1462.00000000	186.70412496
1464.00000000	182.70908376
1466.00000000	178.87397020
1468.00000000	174.61764779
1470.00000000	169.67418720
1472.00000000	164.84194285
1474.00000000	159.91991497
1476.00000000	154.44462106
1478.00000000	150.10138749
1480.00000000	145.03713720
1482.00000000	140.13165411
1484.00000000	135.37843679
1486.00000000	130.85750947
1488.00000000	126.53961221
1490.00000000	122.38542290
1492.00000000	118.62978217
1494.00000000	115.03480755
1496.00000000	111.98353821
1498.00000000	108.88071766
1500.00000000	106.37091735
1502.00000000	103.83522871
1504.00000000	101.74484356
1506.00000000	100.09896308
1508.00000000	98.33906434
1510.00000000	96.80581159
1512.00000000	95.58067243
1514.00000000	94.35391496
1516.00000000	93.91391257
1518.00000000	93.09945199
1520.00000000	92.13068861
1522.00000000	92.01130016
1524.00000000	91.12326908
1526.00000000	90.96567290
1528.00000000	90.56317432
1530.00000000	90.36806235
1532.00000000	90.15456834
1534.00000000	90.00029051
1536.00000000	90.12857527
1538.00000000	89.80886699
1540.00000000	89.81538407
1542.00000000	89.79275872
1544.00000000	89.87249639
1546.00000000	89.78528159
1548.00000000	89.75622587
1550.00000000	89.79472873
1552.00000000	89.79681985
1554.00000000	89.82719060
1556.00000000	89.81490558
1558.00000000	90.00030647
1560.00000000	89.77796561
1562.00000000	89.87565378
1564.00000000	89.61809617
1566.00000000	89.73993931
1568.00000000	89.87071538
1570.00000000	90.01880062
1572.00000000	89.77979911
1574.00000000	90.13072672
1576.00000000	89.90038787
1578.00000000	89.88216106
1580.00000000	90.28441854
1582.00000000	90.18960326
1584.00000000	90.46938866
1586.00000000	90.51947125
1588.00000000	90.57923834
1590.00000000	90.72535085
1592.00000000	90.95773821
1594.00000000	91.31520703
1596.00000000	91.67502616
1598.00000000	92.19348074
1600.00000000	92.72224372
1602.00000000	93.48854567
1604.00000000	94.14139030
1606.00000000	95.49442514
1608.00000000	96.90572813
1610.00000000	98.06024931
1612.00000000	99.86794290
1614.00000000	101.97083621
1616.00000000	104.10226287
1618.00000000	106.42502854
1620.00000000	109.11897142
1622.00000000	112.29399730
1624.00000000	115.58688632
1626.00000000	119.11875368
1628.00000000	122.51607580
1630.00000000	125.93820700
1632.00000000	129.28136061
1634.00000000	132.87728060
1636.00000000	136.07586954
1638.00000000	139.37606486
1640.00000000	141.93097095
1642.00000000	144.41016471
1644.00000000	146.57091363
1646.00000000	147.86327381
1648.00000000	148.86477208
1650.00000000	149.07315867
1652.00000000	148.51834321
1654.00000000	147.93728040
1656.00000000	146.54180580
1658.00000000	144.75969872
1660.00000000	142.42944501
1662.00000000	139.62463900
1664.00000000	136.72838527
1666.00000000	133.30124977
1668.00000000	129.99031270
1670.00000000	126.55035622
1672.00000000	122.81700106
1674.00000000	119.57404283
1676.00000000	116.23725847
1678.00000000	113.04483557
1680.00000000	110.27279880
1682.00000000	107.54536587
1684.00000000	105.16657409
1686.00000000	102.88285862
1688.00000000	100.75190757
1690.00000000	99.31372822
1692.00000000	98.04684126
1694.00000000	96.81626078
1696.00000000	95.80218848
1698.00000000	94.78343879
1700.00000000	94.07189258
1702.00000000	93.50132942
1704.00000000	93.14746188
1706.00000000	92.79250978
1708.00000000	92.62852796
1710.00000000	92.25357484
1712.00000000	92.43588658
1714.00000000	92.06977053
1716.00000000	92.26146582
1718.00000000	92.10776700
1720.00000000	92.22449017
1722.00000000	92.12259891
1724.00000000	91.89511744
1726.00000000	92.14533441
1728.00000000	92.24982697
1730.00000000	91.99127806
1732.00000000	92.32798286
1734.00000000	92.16387978
1736.00000000	92.02056933
1738.00000000	92.21934153
1740.00000000	92.41168377
1742.00000000	92.08459097
1744.00000000	92.12929757
1746.00000000	92.33817644
1748.00000000	92.57384336
1750.00000000	92.51634307
1752.00000000	92.47621351
1754.00000000	92.44279104
1756.00000000	92.52417166
1758.00000000	92.50087322
1760.00000000	92.51011591
1762.00000000	92.79635022
1764.00000000	92.60097516
1766.00000000	92.66970403
1768.00000000	92.66464574
1770.00000000	92.70557693
1772.00000000	92.84966039
1774.00000000	93.07755471
1776.00000000	92.74223368
1778.00000000	92.84442533
1780.00000000	92.95974890
1782.00000000	92.93410765
1784.00000000	93.05363257
1786.00000000	93.20034727
1788.00000000	93.33142670
1790.00000000	93.14315592
1792.00000000	93.35946905
1794.00000000	93.46049807
1796.00000000	93.34000573
1798.00000000	93.34357957
1800.00000000	93.41826158
1802.00000000	93.49783719
1804.00000000	93.68491112
1806.00000000	93.77878987
1808.00000000	93.48545746
1810.00000000	93.71625897
1812.00000000	93.54816216
1814.00000000	93.75313123
1816.00000000	93.61394278
1818.00000000	93.88071266
1820.00000000	93.60834513
1822.00000000	93.90622419
1824.00000000	93.90489210
1826.00000000	93.96667990
1828.00000000	93.96689365
1830.00000000	94.04623310
1832.00000000	94.11586267
1834.00000000	94.07874228
1836.00000000	93.98939697
1838.00000000	94.49045605
1840.00000000	94.16416625
1842.00000000	94.41334223
1844.00000000	94.29539506
1846.00000000	94.47098258
1848.00000000	94.33220890
1850.00000000	94.52741381
1852.00000000	94.53977404
1854.00000000	94.50551433
1856.00000000	94.69143335
1858.00000000	94.41286466
1860.00000000	94.62663844
1862.00000000	94.87568346
1864.00000000	94.77627727
1866.00000000	94.76562104
1868.00000000	94.93365352
1870.00000000	94.77093370
1872.00000000	95.07594057
1874.00000000	94.94025354
1876.00000000	95.01218040
1878.00000000	95.11048490
1880.00000000	95.34124869
1882.00000000	95.21097051
1884.00000000	95.44274372
1886.00000000	95.47847247
1888.00000000	95.38934156
1890.00000000	95.35122485
1892.00000000	95.43454234
1894.00000000	95.23042766
1896.00000000	95.36158394
1898.00000000	95.79802529
1900.00000000	95.58695627
1902.00000000	95.53907187
1904.00000000	95.77791960
1906.00000000	95.74593512
1908.00000000	95.82480699
1910.00000000	95.85643875
1912.00000000	95.92810304
1914.00000000	95.92153393
1916.00000000	95.99999022
1918.00000000	96.11898980
1920.00000000	95.92109764
1922.00000000	95.97551461
1924.00000000	96.21931697
1926.00000000	96.28408843
1928.00000000	96.26895953
1930.00000000	96.38367481
1932.00000000	96.42034703
1934.00000000	96.28783409
1936.00000000	96.51876084
1938.00000000	96.49307627
1940.00000000	96.26336238
1942.00000000	96.67043662
1944.00000000	96.63387441
1946.00000000	96.84350286
1948.00000000	96.75138604
1950.00000000	96.74030078
1952.00000000	96.83034930
1954.00000000	96.70184353
1956.00000000	96.97919704
1958.00000000	96.92704750
1960.00000000	97.10221817
1962.00000000	97.07537626
1964.00000000	97.35805226
1966.00000000	97.26001682
1968.00000000	97.26284430
1970.00000000	97.11809986
1972.00000000	97.31790299
1974.00000000	97.32266924
1976.00000000	97.58632239
1978.00000000	97.52060906
1980.00000000	97.39438029
1982.00000000	97.81826121
1984.00000000	97.72670149
1986.00000000	97.51955779
1988.00000000	97.77895176
1990.00000000	97.80497734
1992.00000000	97.96105273
1994.00000000	97.92301555
1996.00000000	97.89407606
1998.00000000	97.87533757
2000.00000000	98.00807618
2002.00000000	98.08832948
2004.00000000	98.21984836
2006.00000000	98.26067911
2008.00000000	98.33558129
2010.00000000	98.16142795
2012.00000000	98.55122576
2014.00000000	98.43739628
2016.00000000	98.54607831
2018.00000000	98.43297059
2020.00000000	98.50197714
2022.00000000	98.66914718
2024.00000000	98.75315190
2026.00000000	98.55446783
2028.00000000	98.84975721
2030.00000000	98.64842816
2032.00000000	99.02444173
2034.00000000	98.97080190
2036.00000000	99.02973292
2038.00000000	99.19635153
2040.00000000	99.23964927
2042.00000000	99.03317538
2044.00000000	99.08642045
2046.00000000	99.22242999
2048.00000000	99.25064363
2050.00000000	99.38217080
2052.00000000	99.15512198
2054.00000000	99.45024302
2056.00000000	99.39397027
2058.00000000	99.70044245
2060.00000000	99.51580272
2062.00000000	99.69955949
2064.00000000	99.71888160
2066.00000000	99.81947622
2068.00000000	99.86300907
2070.00000000	99.72577388
2072.00000000	100.17606999
2074.00000000	100.13584414
2076.00000000	99.98789244
2078.00000000	99.90771051
2080.00000000	100.13605835
2082.00000000	100.09697952
2084.00000000	100.24868712
2086.00000000	100.46259808
2088.00000000	100.33501357
2090.00000000	100.48952107
2092.00000000	100.52200926
2094.00000000	100.61212812
2096.00000000	100.71273856
2098.00000000	100.50068384
2100.00000000	100.84898769
2102.00000000	100.64149227
2104.00000000	100.71227711
2106.00000000	100.99567737
2108.00000000	101.02918032
2110.00000000	100.91318714
2112.00000000	101.12665720
2114.00000000	101.15186119
2116.00000000	101.60819118
2118.00000000	101.43669503
2120.00000000	101.53862558
2122.00000000	101.62523397
2124.00000000	101.91817605
2126.00000000	101.98016183
2128.00000000	102.55985809
2130.00000000	102.49505803
2132.00000000	102.68995440
2134.00000000	102.73669366
2136.00000000	103.39169586
2138.00000000	103.27242420
2140.00000000	103.64543753
2142.00000000	104.01731314
2144.00000000	104.28257299
2146.00000000	104.93990706
2148.00000000	105.40279019
2150.00000000	105.70433203
2152.00000000	106.43282978
2154.00000000	107.13284857
2156.00000000	107.60360383
2158.00000000	108.28509850
2160.00000000	109.41164643
2162.00000000	110.02617701
2164.00000000	110.96606851
2166.00000000	111.91983424
2168.00000000	113.27594114
2170.00000000	114.31034420
2172.00000000	115.77481521
2174.00000000	117.05674474
2176.00000000	118.53740389
2178.00000000	120.08112522
2180.00000000	121.55570128
2182.00000000	123.32186416
2184.00000000	125.48995552
2186.00000000	127.35229099
2188.00000000	129.35446028
2190.00000000	131.41612391
2192.00000000	133.49664736
2194.00000000	135.89590473
2196.00000000	138.28511264
2198.00000000	140.72794721
2200.00000000	143.36205759
2202.00000000	146.06947028
2204.00000000	148.65963283
2206.00000000	151.17470793
2208.00000000	153.95664636
2210.00000000	156.49957066
2212.00000000	159.30819617
2214.00000000	161.99297427
2216.00000000	164.69444757
2218.00000000	167.34229173
2220.00000000	169.70261511
2222.00000000	172.28817810
2224.00000000	174.55258970
2226.00000000	176.87108542
2228.00000000	179.27933059
2230.00000000	181.12126408
2232.00000000	183.07423392
2234.00000000	184.71530719
2236.00000000	186.41301247
2238.00000000	187.74107156
2240.00000000	188.95981477
2242.00000000	189.85172414
2244.00000000	190.88196350
2246.00000000	191.30180474
2248.00000000	191.77284666
2250.00000000	191.93582315
2252.00000000	191.94143996
2254.00000000	191.55463274
2256.00000000	191.08033207
2258.00000000	190.19289663
2260.00000000	189.67087369
2262.00000000	188.43635493
2264.00000000	187.12138846
2266.00000000	185.79296994
2268.00000000	184.09031482
2270.00000000	182.27732928
2272.00000000	180.38910449
2274.00000000	178.37389799
2276.00000000	176.13760984
2278.00000000	173.76232581
2280.00000000	171.29289790
2282.00000000	168.91639145
2284.00000000	166.55273023
2286.00000000	163.52377581
2288.00000000	161.31221474
2290.00000000	158.53692370
2292.00000000	156.02228315
2294.00000000	153.36642595
2296.00000000	151.03844167
2298.00000000	148.13705949
2300.00000000	145.88561730
2302.00000000	143.41563597
2304.00000000	140.98651876
2306.00000000	138.86180409
2308.00000000	136.72352666
2310.00000000	134.50763723
2312.00000000	132.44412497
2314.00000000	130.56239987
2316.00000000	128.78883987
2318.00000000	127.16087554
2320.00000000	125.42081477
2322.00000000	123.65774523
2324.00000000	122.33600796
2326.00000000	120.81585103
2328.00000000	119.52277773
2330.00000000	118.53575451
2332.00000000	117.25670335
2334.00000000	116.55425680
2336.00000000	115.33926147
2338.00000000	114.55353817
2340.00000000	113.91520864
2342.00000000	113.25985827
2344.00000000	112.47817698
2346.00000000	112.14136617
2348.00000000	111.34835159
2350.00000000	111.10043360
2352.00000000	110.50170246
2354.00000000	110.21573599
2356.00000000	110.02666066
2358.00000000	109.65982271
2360.00000000	109.41197319
2362.00000000	109.40284612
2364.00000000	109.00929734
2366.00000000	108.77627026
2368.00000000	108.80254132
2370.00000000	108.57661221
2372.00000000	108.57550796
2374.00000000	108.44962910
2376.00000000	108.28002641
2378.00000000	108.21621913
2380.00000000	108.11900358
2382.00000000	108.22936475
2384.00000000	108.40809398
2386.00000000	108.30099245
2388.00000000	108.38939452
2390.00000000	108.16703851
2392.00000000	108.23165650
2394.00000000	108.09755198
2396.00000000	108.21509412
2398.00000000	108.26419374
2400.00000000	108.27591374
2402.00000000	108.61217404
2404.00000000	108.43278470
2406.00000000	108.65702922
2408.00000000	108.53206000
2410.00000000	108.54577187
2412.00000000	108.36480780
2414.00000000	108.52198007
2416.00000000	108.73163569
2418.00000000	108.75427112
2420.00000000	108.62497159
2422.00000000	108.86689628
2424.00000000	108.80698256
2426.00000000	108.80532505
2428.00000000	108.95477788
2430.00000000	109.13840870
2432.00000000	108.86717702
2434.00000000	109.24536300
2436.00000000	108.94719958
2438.00000000	109.11712292
2440.00000000	109.13851218
2442.00000000	109.26735062
2444.00000000	109.47403003
2446.00000000	109.34944470
2448.00000000	109.19974744
2450.00000000	109.43465664
2452.00000000	109.49366779
2454.00000000	109.47555555
2456.00000000	109.61200367
2458.00000000	109.73067062
2460.00000000	109.48465576
2462.00000000	109.58677535
2464.00000000	109.62145962
2466.00000000	109.79108819
2468.00000000	109.83270935
2470.00000000	110.09967151
2472.00000000	109.76513085
2474.00000000	109.89889275
2476.00000000	109.75015779
2478.00000000	109.75703228
2480.00000000	109.93265918
2482.00000000	110.08879089
2484.00000000	110.26760879
2486.00000000	110.02749849
2488.00000000	110.06291752
2490.00000000	110.40497866
2492.00000000	110.01546114
2494.00000000	110.35773802
2496.00000000	110.47900255
2498.00000000	110.40700640
2500.00000000	110.32947032
2502.00000000	110.35791949
2504.00000000	110.41044986
2506.00000000	110.43953593
2508.00000000	110.58082497
2510.00000000	110.38088689
2512.00000000	110.48731106
2514.00000000	110.68518394
2516.00000000	110.72796708
2518.00000000	110.62592558
2520.00000000	110.91631387
2522.00000000	110.99395250
2524.00000000	110.86383038
2526.00000000	110.90802581
2528.00000000	110.94000595
2530.00000000	110.94397290
2532.00000000	110.76208965
2534.00000000	111.08392458
2536.00000000	111.02100948
2538.00000000	111.07648777
2540.00000000	111.24857824
2542.00000000	111.24656792
2544.00000000	111.24821858
2546.00000000	111.18902306
2548.00000000	111.23752279
2550.00000000	111.10742028
2552.00000000	111.48785471
2554.00000000	111.29053213
2556.00000000	111.46178414
2558.00000000	111.34930102
2560.00000000	111.55287554
2562.00000000	111.62986068
2564.00000000	111.53444367
2566.00000000	111.47682365
2568.00000000	111.62357807
2570.00000000	111.68098946
2572.00000000	111.61995346
2574.00000000	111.71851266
2576.00000000	111.66288602
2578.00000000	111.65590803
2580.00000000	111.70739232
2582.00000000	111.87956727
2584.00000000	111.94696128
2586.00000000	111.89194919
2588.00000000	111.76528198
2590.00000000	111.97350557
2592.00000000	112.23498557
2594.00000000	111.98000621
2596.00000000	112.03672757
2598.00000000	111.81296170
2600.00000000	112.11409221
2602.00000000	112.07297841
2604.00000000	112.23280032
2606.00000000	112.17792309
2608.00000000	112.13699336
2610.00000000	112.15825849
2612.00000000	112.00278344
2614.00000000	112.29760938
2616.00000000	112.26658748
2618.00000000	112.25005883
2620.00000000	112.46115487
2622.00000000	112.45199721
2624.00000000	112.39298541
2626.00000000	112.45518582
2628.00000000	112.53228566
2630.00000000	112.45282016
2632.00000000	112.54952654
2634.00000000	112.60287448
2636.00000000	112.68042430
2638.00000000	112.58687666
2640.00000000	112.61456420
2642.00000000	112.55529576
2644.00000000	112.65979947
2646.00000000	112.71791998
2648.00000000	112.78901239
2650.00000000	112.95195530
2652.00000000	112.74414307
2654.00000000	112.59191404
2656.00000000	112.79765889
2658.00000000	112.90324436
2660.00000000	113.03334816
2662.00000000	113.17901593
2664.00000000	113.09102301
2666.00000000	113.29492738
2668.00000000	113.15160308
2670.00000000	113.14729455
2672.00000000	112.87637294
2674.00000000	112.70076968
2676.00000000	113.32887575
2678.00000000	112.95397018
2680.00000000	113.00060259
2682.00000000	113.33654697
2684.00000000	113.13786307
2686.00000000	113.12969263
2688.00000000	113.34263707
2690.00000000	113.32308540
2692.00000000	113.35294156
2694.00000000	113.26938073
2696.00000000	113.07483858
2698.00000000	113.38703290
2700.00000000	113.42447052
2702.00000000	113.24156893
2704.00000000	113.53275305
2706.00000000	113.58296051
2708.00000000	113.42819605
2710.00000000	113.60565340
2712.00000000	113.41642436
2714.00000000	113.48849098
2716.00000000	113.72846062
2718.00000000	113.46623647
2720.00000000	113.81757991
2722.00000000	113.63378641
2724.00000000	113.76194772
2726.00000000	113.78356335
2728.00000000	113.52680721
2730.00000000	113.81915645
2732.00000000	113.87371826
2734.00000000	114.13166294
2736.00000000	114.00126562
2738.00000000	114.24594701
2740.00000000	113.93020225
2742.00000000	114.20191036
2744.00000000	114.24956919
2746.00000000	114.09586247
2748.00000000	114.54808160
2750.00000000	114.56599665
2752.00000000	114.40446371
2754.00000000	114.54021247
2756.00000000	114.67872450
2758.00000000	114.86224360
2760.00000000	114.72744228
2762.00000000	115.35213672
2764.00000000	115.16450733
2766.00000000	115.50099656
2768.00000000	115.58247140
2770.00000000	115.71367910
2772.00000000	115.99332127
2774.00000000	116.18682811
2776.00000000	116.44734039
2778.00000000	116.62341677
2780.00000000	116.92467568
2782.00000000	117.23980077
2784.00000000	117.63718645
2786.00000000	117.81237065
2788.00000000	118.47453211
2790.00000000	118.97296013
2792.00000000	119.27351102
2794.00000000	119.79732828
2796.00000000	120.22718952
2798.00000000	120.87562750
2800.00000000	121.56107923
2802.00000000	121.92179466
2804.00000000	122.72929234
2806.00000000	123.30265409
2808.00000000	124.31686569
2810.00000000	125.22507128
2812.00000000	125.83818619
2814.00000000	126.89899398
2816.00000000	127.99717815
2818.00000000	128.99162601
2820.00000000	130.09735948
2822.00000000	131.28328928
2824.00000000	132.52254432
2826.00000000	133.91737067
2828.00000000	135.37116005
2830.00000000	136.61923164
2832.00000000	138.19548282
2834.00000000	139.87435166
2836.00000000	141.25753261
2838.00000000	143.10938624
2840.00000000	144.74181944
2842.00000000	146.71859348
2844.00000000	148.69957518
2846.00000000	150.71000220
2848.00000000	152.67574806
2850.00000000	154.76613507
2852.00000000	156.97144835
2854.00000000	159.26855537
2856.00000000	161.59657062
2858.00000000	163.95061597
2860.00000000	166.46948699
2862.00000000	168.82827791
2864.00000000	171.27195159
2866.00000000	173.68694461
2868.00000000	176.16449876
2870.00000000	178.75243755
2872.00000000	181.50028474
2874.00000000	183.91456789
2876.00000000	186.62217343
2878.00000000	189.01085161
2880.00000000	191.55576548
2882.00000000	194.05365131
2884.00000000	196.67519738
2886.00000000	199.10361146
2888.00000000	201.52863916
2890.00000000	203.69938207
2892.00000000	206.42673752
2894.00000000	208.49732697
2896.00000000	210.78950163
2898.00000000	213.17646350
2900.00000000	214.87651705
2902.00000000	216.97599739
2904.00000000	219.09947171
2906.00000000	220.35683500
2908.00000000	222.23327810
2910.00000000	223.65525859
2912.00000000	224.96093436
2914.00000000	226.10097573
2916.00000000	227.57458141
2918.00000000	228.65414423
2920.00000000	229.33089041
2922.00000000	230.12572686
2924.00000000	230.48337905
2926.00000000	231.04332671
2928.00000000	231.05805547
2930.00000000	231.20869794
2932.00000000	230.75741762
2934.00000000	230.85025991
2936.00000000	230.44280845
2938.00000000	229.88178955
2940.00000000	229.52112825
2942.00000000	228.54571228
2944.00000000	227.60497279
2946.00000000	226.47414928
2948.00000000	225.10185581
2950.00000000	223.69732575
2952.00000000	222.20153134
2954.00000000	220.49956271
2956.00000000	219.00818266
2958.00000000	216.92939300
2960.00000000	214.86448263
2962.00000000	213.12669278
2964.00000000	210.95477481
2966.00000000	208.51206546
2968.00000000	206.60588766
2970.00000000	204.14411679
2972.00000000	201.59460552
2974.00000000	199.41176291
2976.00000000	196.93549211
2978.00000000	194.33486087
2980.00000000	191.71663017
2982.00000000	189.14351846
2984.00000000	186.79538766
2986.00000000	184.15721978
2988.00000000	181.56528740
2990.00000000	179.11099331
2992.00000000	176.52624711
2994.00000000	174.01863125
2996.00000000	171.31324925
2998.00000000	168.85089451
3000.00000000	166.62124611
3002.00000000	164.25696013
3004.00000000	161.82896336
3006.00000000	159.48275602
3008.00000000	157.30443203
3010.00000000	155.32495091
3012.00000000	153.04509162
3014.00000000	151.09500979
3016.00000000	149.09233723
3018.00000000	147.11810693
3020.00000000	145.33248927
3022.00000000	143.52045153
3024.00000000	141.80800437
3026.00000000	140.34575104
3028.00000000	138.59013072
3030.00000000	137.01902110
3032.00000000	135.70181980
3034.00000000	134.40443468
3036.00000000	132.98209644
3038.00000000	131.71201472
3040.00000000	130.59308933
3042.00000000	129.49415061
3044.00000000	128.44467988
3046.00000000	127.28213957
3048.00000000	126.54092154
3050.00000000	125.46411938
3052.00000000	124.75814642
3054.00000000	123.98213243
3056.00000000	123.41375336
3058.00000000	122.68024097
3060.00000000	122.04099318
3062.00000000	121.25084660
3064.00000000	120.82789437
3066.00000000	120.37822912
3068.00000000	119.82430104
3070.00000000	119.22370958
3072.00000000	119.04203594
3074.00000000	118.57895666
3076.00000000	117.97506274
3078.00000000	117.95289933
3080.00000000	117.45177957
3082.00000000	117.18451676
3084.00000000	116.93187201
3086.00000000	116.82992722
3088.00000000	116.50671219
3090.00000000	116.38173452
3092.00000000	116.34251536
3094.00000000	116.07518013
3096.00000000	115.85475121
3098.00000000	115.76099517
3100.00000000	115.63196454
3102.00000000	115.57097320
3104.00000000	115.58613936
3106.00000000	115.41383536
3108.00000000	115.25732916
3110.00000000	115.35167103
3112.00000000	115.21926643
3114.00000000	115.02057322
3116.00000000	115.11791668
3118.00000000	115.00004889
3120.00000000	114.83294551
3122.00000000	115.03404346
3124.00000000	114.76225454
3126.00000000	114.81558585
3128.00000000	114.78198486
3130.00000000	114.88433663
3132.00000000	114.82673439
3134.00000000	114.81511738
3136.00000000	114.69718441
3138.00000000	114.90155667
3140.00000000	114.70706545
3142.00000000	114.63712476
3144.00000000	114.58194433
3146.00000000	114.95491564
3148.00000000	114.46266794
3150.00000000	114.59874148
3152.00000000	114.61034866
3154.00000000	114.67417807
3156.00000000	114.50447228
3158.00000000	114.54652033
3160.00000000	114.57504147
3162.00000000	114.61690430
3164.00000000	114.70776260
3166.00000000	114.63356222
3168.00000000	114.55168304
3170.00000000	114.64086616
3172.00000000	114.42044712
3174.00000000	114.68871619
3176.00000000	114.42987892
3178.00000000	114.61783616
3180.00000000	114.51034017
3182.00000000	114.47690414
3184.00000000	114.36938214
3186.00000000	114.48025799
3188.00000000	114.43456864
3190.00000000	114.53706601
3192.00000000	114.55917026
3194.00000000	114.55110193
3196.00000000	114.48433766
3198.00000000	114.48725616
3200.00000000	114.53427158
3202.00000000	114.42801004
3204.00000000	114.42916969
3206.00000000	114.62390871
3208.00000000	114.59781430
3210.00000000	114.36090440
3212.00000000	114.46602458
3214.00000000	114.64339909
3216.00000000	114.47420102
3218.00000000	114.26048207
3220.00000000	114.75720179
3222.00000000	114.51216774
3224.00000000	114.51931023
3226.00000000	114.22800344
3228.00000000	114.25164494
3230.00000000	114.40330396
3232.00000000	114.44028014
3234.00000000	114.57622187
3236.00000000	114.35685633
3238.00000000	114.65736976
3240.00000000	114.32404355
3242.00000000	114.44308349
3244.00000000	114.18435124
3246.00000000	114.31851857
3248.00000000	114.41679095
3250.00000000	114.27618501
3252.00000000	114.36050551
3254.00000000	114.29773191
3256.00000000	114.16866861
3258.00000000	114.20859471
3260.00000000	114.31831498
3262.00000000	114.45073682
3264.00000000	114.36009578
3266.00000000	114.22701558
3268.00000000	114.53208135
3270.00000000	114.36329748
3272.00000000	114.22415766
3274.00000000	114.42074120
3276.00000000	114.40291386
3278.00000000	114.08697305
3280.00000000	114.43416121
3282.00000000	114.02054206
3284.00000000	114.57635474
3286.00000000	114.23895738
3288.00000000	114.31646742
3290.00000000	113.97106567
3292.00000000	114.25373587
3294.00000000	114.47785085
3296.00000000	114.27022343
3298.00000000	114.34263982
3300.00000000	114.25683723
