500.00000000	86.96819639
502.00000000	87.12401242
504.00000000	86.99809496
506.00000000	87.03865068
508.00000000	87.13935536
510.00000000	87.09990744
512.00000000	87.14730846
514.00000000	87.12458811
516.00000000	87.19652776
518.00000000	87.24707439
520.00000000	87.18778945
522.00000000	87.24933485
524.00000000	87.35425766
526.00000000	87.18708271
528.00000000	87.31334399
530.00000000	87.46032157
532.00000000	87.53834272
534.00000000	87.17386114
536.00000000	87.64616392
538.00000000	87.39663987
540.00000000	87.72574484
542.00000000	87.50731253
544.00000000	87.47550745
546.00000000	87.48781781
548.00000000	87.56545425
550.00000000	87.47394277
552.00000000	87.73370550
554.00000000	87.53923299
556.00000000	87.63697973
558.00000000	87.91004373
560.00000000	87.65406349
562.00000000	87.52030313
564.00000000	87.95706126
566.00000000	87.63568276
568.00000000	87.61340097
570.00000000	87.62421932
572.00000000	87.68784467
574.00000000	87.97385917
576.00000000	87.89186747
578.00000000	87.77938693
580.00000000	88.02241024
582.00000000	87.98331506
584.00000000	87.99307394
586.00000000	87.72143641
588.00000000	88.06076231
590.00000000	88.19740832
592.00000000	88.09439841
594.00000000	87.92434619
596.00000000	88.01726415
598.00000000	88.16795493
600.00000000	88.41266568
602.00000000	87.98441485
604.00000000	88.13098861
606.00000000	88.30812931
608.00000000	88.17991925
610.00000000	88.28406329
612.00000000	88.31688595
614.00000000	88.12492623
616.00000000	88.34596989
618.00000000	88.29120229
620.00000000	88.29957767
622.00000000	88.33801555
624.00000000	88.12659874
626.00000000	88.43675581
628.00000000	88.26392082
630.00000000	88.33945084
632.00000000	88.36024962
634.00000000	88.34437309
636.00000000	88.47954804
638.00000000	88.53038902
640.00000000	88.45245899
642.00000000	88.44527211
644.00000000	88.48544208
646.00000000	88.78933362
648.00000000	88.24358640
650.00000000	88.54279623
652.00000000	88.38456890
654.00000000	88.44471286
656.00000000	88.56971071
658.00000000	88.61045163
660.00000000	88.69385986
662.00000000	88.59828195
664.00000000	88.78776772
666.00000000	88.58081171
668.00000000	88.57009035
670.00000000	88.53203008
672.00000000	88.56025602
674.00000000	88.63460500
676.00000000	88.61038577
678.00000000	88.67479821
680.00000000	88.75006780
682.00000000	88.90440980
684.00000000	89.07461661
686.00000000	89.26333994
688.00000000	89.44227527
690.00000000	90.13210565
692.00000000	90.68182389
694.00000000	91.71000922
696.00000000	92.51958358
698.00000000	94.32914590
700.00000000	96.27556367
702.00000000	98.92500032
704.00000000	102.37491648
706.00000000	106.07154103
708.00000000	110.58070054
710.00000000	116.25196457
712.00000000	121.97929340
714.00000000	128.17947356
716.00000000	134.70527633
718.00000000	141.18850802
720.00000000	147.53381828
722.00000000	153.25011465
724.00000000	157.97118285
726.00000000	161.60778708
728.00000000	164.07114549
730.00000000	164.68421127
732.00000000	163.72833018
734.00000000	161.82262485
736.00000000	157.97951640
738.00000000	153.01557347
740.00000000	147.55748066
742.00000000	141.31573810
744.00000000	134.78057755
746.00000000	128.35609617
748.00000000	122.10499519
750.00000000	116.27033845
752.00000000	111.14005875
754.00000000	106.41926382
756.00000000	102.55387286
758.00000000	99.43475498
760.00000000	96.67685997
762.00000000	94.50996976
764.00000000	93.14302384
766.00000000	91.88433243
768.00000000	90.90130345
770.00000000	90.43760830
772.00000000	89.70729855
774.00000000	89.63116763
776.00000000	89.55171122
778.00000000	89.32789836
780.00000000	89.04587134
782.00000000	89.34501013
784.00000000	89.05829613
786.00000000	89.01221450
788.00000000	89.20562255
790.00000000	89.14720641
792.00000000	89.04252713
794.00000000	89.08575428
796.00000000	89.28444959
798.00000000	89.19874449
800.00000000	89.36587825
802.00000000	89.13145126
804.00000000	89.13592567
806.00000000	89.21253102
808.00000000	89.10485327
810.00000000	88.95982992
812.00000000	89.24007433
814.00000000	89.28812143
816.00000000	89.33193309
818.00000000	89.04649729
820.00000000	89.31620732
822.00000000	89.01854066
824.00000000	89.27512561
826.00000000	89.08693113
828.00000000	89.26710133
830.00000000	89.17744729
832.00000000	89.28427525
834.00000000	89.24750112
836.00000000	89.09338821
838.00000000	89.27532258
840.00000000	89.36836063
842.00000000	89.11084626
844.00000000	89.41805519
846.00000000	89.33281672
848.00000000	89.00915478
850.00000000	89.12307028
852.00000000	89.22563711
854.00000000	89.19558448
856.00000000	89.16611939
858.00000000	89.33532703
860.00000000	89.10574915
862.00000000	89.13886329
864.00000000	89.23162283
866.00000000	89.10702861
868.00000000	89.07439491
870.00000000	89.15448931
872.00000000	89.41277830
874.00000000	89.17440736
876.00000000	89.39034956
878.00000000	89.23730315
880.00000000	88.97578033
882.00000000	89.20203199
884.00000000	89.15262451
886.00000000	89.04621544
888.00000000	89.42164284
890.00000000	89.24435097
892.00000000	89.16525518
894.00000000	89.18323016
896.00000000	89.20891546
898.00000000	89.18897575
900.00000000	89.21307008
902.00000000	89.20137534
904.00000000	88.99879508
906.00000000	89.22065975
908.00000000	89.13799425
910.00000000	89.27531325
912.00000000	89.31911227
914.00000000	89.16508363
916.00000000	89.24394634
918.00000000	89.04502220
920.00000000	89.23187367
922.00000000	89.34754840
924.00000000	89.64860992
926.00000000	89.50495745
928.00000000	89.58192423
930.00000000	89.58119356
932.00000000	90.07749431
934.00000000	90.03315958
936.00000000	90.60884535
938.00000000	91.03907959
940.00000000	91.20508434
942.00000000	91.95125305
944.00000000	92.56770552
946.00000000	93.63274047
948.00000000	95.06128851
950.00000000	96.02570264
952.00000000	97.63198847
954.00000000	99.50213246
956.00000000	101.59859948
958.00000000	104.17550890
960.00000000	106.86579563
962.00000000	109.47772720
964.00000000	113.16873362
966.00000000	117.04090536
968.00000000	121.23354433
970.00000000	125.37998958
972.00000000	129.96025617
974.00000000	135.00915920
976.00000000	139.86545979
978.00000000	144.94374868
980.00000000	150.05517426
982.00000000	154.83313598
984.00000000	159.90481693
986.00000000	164.52014464
988.00000000	168.50208374
990.00000000	172.19032150
992.00000000	175.19270330
994.00000000	177.88832347
996.00000000	179.68140757
998.00000000	180.92273565
1000.00000000	181.01654889
1002.00000000	180.80554683
1004.00000000	179.41669825
1006.00000000	177.90857278
1008.00000000	175.21195241
1010.00000000	171.99051968
1012.00000000	168.33909418
1014.00000000	164.30545369
1016.00000000	159.93966194
1018.00000000	155.00287565
1020.00000000	149.93215991
1022.00000000	145.01161701
1024.00000000	139.62140848
1026.00000000	134.81376725
1028.00000000	129.78914620
1030.00000000	125.26272604
1032.00000000	121.05855122
1034.00000000	116.76488252
1036.00000000	113.08974561
1038.00000000	109.75212140
1040.00000000	106.46162321
1042.00000000	103.81881200
1044.00000000	101.24312390
1046.00000000	99.43042430
1048.00000000	97.28796845
1050.00000000	95.79145530
1052.00000000	94.60380884
1054.00000000	93.24908077
1056.00000000	92.42754384
1058.00000000	91.75211976
1060.00000000	91.01321104
1062.00000000	90.58057860
1064.00000000	90.20803374
1066.00000000	90.12129049
1068.00000000	89.66267865
1070.00000000	89.40723622
1072.00000000	89.19791820
1074.00000000	88.93397836
1076.00000000	89.02734736
1078.00000000	88.90449133
1080.00000000	88.89382343
1082.00000000	88.95731995
1084.00000000	88.93606129
1086.00000000	88.75489151
1088.00000000	88.80941509
1090.00000000	89.00298978
1092.00000000	88.64646604
1094.00000000	88.63640004
1096.00000000	88.79391741
1098.00000000	88.65267542
1100.00000000	88.84308413
1102.00000000	88.82798666
1104.00000000	88.66980402
1106.00000000	88.60694520
1108.00000000	88.61532890
1110.00000000	88.53993422
1112.00000000	88.89032927
1114.00000000	88.84266032
1116.00000000	88.80071602
1118.00000000	88.66732813
1120.00000000	88.67783823
1122.00000000	88.69632786
1124.00000000	88.74632562
1126.00000000	88.65614046
1128.00000000	88.84718614
1130.00000000	88.74787967
1132.00000000	88.69422352
1134.00000000	88.68086004
1136.00000000	88.68595375
1138.00000000	88.60359257
1140.00000000	88.70033852
1142.00000000	88.44752405
1144.00000000	88.72760394
1146.00000000	88.37041273
1148.00000000	88.55298001
1150.00000000	88.67573736
1152.00000000	88.87655926
1154.00000000	88.82115943
1156.00000000	88.57418496
1158.00000000	88.59954616
1160.00000000	88.74221083
1162.00000000	88.47733258
1164.00000000	88.42844206
1166.00000000	88.74945177
1168.00000000	88.65010103
1170.00000000	88.26151970
1172.00000000	88.57976932
1174.00000000	88.41986881
1176.00000000	88.60337649
1178.00000000	88.44848446
1180.00000000	88.44298582
1182.00000000	88.50539180
1184.00000000	88.70918826
1186.00000000	88.53263898
1188.00000000	88.55569714
1190.00000000	88.62541719
1192.00000000	88.57051435
1194.00000000	88.41379368
1196.00000000	88.41736644
1198.00000000	88.42884858
1200.00000000	88.36594874
1202.00000000	88.53005764
1204.00000000	88.52400284
1206.00000000	88.38869684
1208.00000000	88.53765858
1210.00000000	88.45181741
1212.00000000	88.37652061
1214.00000000	88.67024694
1216.00000000	88.45115494
1218.00000000	88.41962443
1220.00000000	88.54650501
1222.00000000	88.40168607
1224.00000000	88.56168047
1226.00000000	88.48108615
1228.00000000	88.49472212
1230.00000000	88.32978496
1232.00000000	88.54238686
1234.00000000	88.48301802
1236.00000000	88.37465939
1238.00000000	88.33155002
1240.00000000	88.47611728
1242.00000000	88.54549099
1244.00000000	88.42364516
1246.00000000	88.49547238
1248.00000000	88.38705051
1250.00000000	88.34188486
1252.00000000	88.52247272
1254.00000000	88.54685677
1256.00000000	88.62139422
1258.00000000	88.40857447
1260.00000000	88.23590250
1262.00000000	88.33861200
1264.00000000	88.46361106
1266.00000000	88.58649068
1268.00000000	88.48960267
1270.00000000	88.40933826
1272.00000000	88.37540897
1274.00000000	88.52382871
1276.00000000	88.29418080
1278.00000000	88.36246145
1280.00000000	88.41306920
1282.00000000	88.39800141
1284.00000000	88.43641398
1286.00000000	88.43625061
1288.00000000	88.60479808
1290.00000000	88.38729582
1292.00000000	88.43158260
1294.00000000	88.37601572
1296.00000000	88.30972147
1298.00000000	88.51837211
1300.00000000	88.41079960
1302.00000000	88.48830897
1304.00000000	88.55940279
1306.00000000	88.74756025
1308.00000000	88.46365118
1310.00000000	88.30065284
1312.00000000	88.46089050
1314.00000000	88.48063517
1316.00000000	88.56166101
1318.00000000	88.42074655
1320.00000000	88.30694731
1322.00000000	88.20392200
1324.00000000	88.43002871
1326.00000000	88.54581503
1328.00000000	88.36001118
1330.00000000	88.32930716
1332.00000000	88.47117769
1334.00000000	88.53732210
1336.00000000	88.57965084
1338.00000000	88.47870135
1340.00000000	88.62197894
1342.00000000	88.71570998
1344.00000000	88.36885944
1346.00000000	88.33836775
1348.00000000	88.62328615
1350.00000000	88.64674964
1352.00000000	88.80577081
1354.00000000	88.53541637
1356.00000000	88.56620646
1358.00000000	88.51174869
1360.00000000	88.91876566
1362.00000000	88.58741907
1364.00000000	88.86847891
1366.00000000	88.96781919
1368.00000000	89.35835499
1370.00000000	89.52891846
1372.00000000	89.57244703
1374.00000000	89.92978481
1376.00000000	90.43233681
1378.00000000	90.87599744
1380.00000000	91.52708301
1382.00000000	92.06741840
1384.00000000	92.89785141
1386.00000000	93.82334232
1388.00000000	94.91433717
1390.00000000	96.05887699
1392.00000000	97.70579493
1394.00000000	99.44809510
1396.00000000	101.32452858
1398.00000000	103.43548315
1400.00000000	105.65170582
1402.00000000	108.67146991
1404.00000000	111.59407765
1406.00000000	114.72361761
1408.00000000	118.24407865
1410.00000000	122.10919860
1412.00000000	126.06158749
1414.00000000	130.27470770
1416.00000000	134.92666843
1418.00000000	139.81852889
1420.00000000	144.38512265
1422.00000000	149.71184880
1424.00000000	154.77087428
1426.00000000	159.80805883
1428.00000000	164.84434288
1430.00000000	169.81352704
1432.00000000	174.35216483
1434.00000000	178.63922939
1436.00000000	182.76461410
1438.00000000	186.44476687
1440.00000000	189.71388078
1442.00000000	192.50549081
1444.00000000	194.71350741
1446.00000000	196.37933459
1448.00000000	197.08899548
1450.00000000	197.47688515
1452.00000000	196.96869050
1454.00000000	196.48003370
1456.00000000	194.74948620
1458.00000000	192.51226660
1460.00000000	189.81032759
1462.00000000	186.53568708
1464.00000000	182.91507228
1466.00000000	178.97229233
1468.00000000	174.61000246
1470.00000000	169.74945271
1472.00000000	164.89723930
1474.00000000	160.07855037
1476.00000000	154.96298141
1478.00000000	149.71977854
1480.00000000	144.86266947
1482.00000000	139.82905871
1484.00000000	135.34550771
1486.00000000	130.89319634
1488.00000000	126.54427881
1490.00000000	122.53799759
1492.00000000	118.57645077
1494.00000000	115.24485844
1496.00000000	111.80657982
1498.00000000	109.07203125
1500.00000000	106.35962232
1502.00000000	103.97703085
1504.00000000	101.89756908
1506.00000000	100.03570600
1508.00000000	98.35634652
1510.00000000	96.99763021
1512.00000000	95.83677630
1514.00000000	94.64189057
1516.00000000	93.89950534
1518.00000000	92.97121680
1520.00000000	92.51468462
1522.00000000	91.74995430
1524.00000000	91.29698610
1526.00000000	90.98074132
1528.00000000	90.60453885
1530.00000000	90.20349530
1532.00000000	90.10305112
1534.00000000	90.08698816
1536.00000000	89.75544267
1538.00000000	89.80850337
1540.00000000	89.94471954
1542.00000000	89.70174978
1544.00000000	89.74188853
1546.00000000	89.53329788
1548.00000000	89.56534232
1550.00000000	89.64994823
1552.00000000	89.70775790
1554.00000000	89.64450425
1556.00000000	89.95956116
1558.00000000	89.81536319
1560.00000000	89.93578271
1562.00000000	89.87321700
1564.00000000	89.68795791
1566.00000000	89.98343888
1568.00000000	90.07279751
1570.00000000	89.89727506
1572.00000000	90.00294143
1574.00000000	89.99397987
1576.00000000	89.99876964
1578.00000000	89.87604227
1580.00000000	90.14276419
1582.00000000	89.93845220
1584.00000000	90.25967648
1586.00000000	90.30826681
1588.00000000	90.49806907
1590.00000000	90.56435657
1592.00000000	91.02014690
1594.00000000	91.48166254
1596.00000000	91.85447679
1598.00000000	92.11508928
1600.00000000	92.75139267
1602.00000000	93.46077238
1604.00000000	94.50053127
1606.00000000	95.38332124
1608.00000000	96.60304470
1610.00000000	98.35828242
1612.00000000	99.96658898
1614.00000000	101.76789105
1616.00000000	104.09293874
1618.00000000	106.66668770
1620.00000000	109.32512819
1622.00000000	112.22579843
1624.00000000	115.68141007
1626.00000000	118.99218967
1628.00000000	122.39179713
1630.00000000	125.78353940
1632.00000000	129.45716871
1634.00000000	132.89316767
1636.00000000	136.06718559
1638.00000000	139.05417415
1640.00000000	142.22041264
1642.00000000	144.40757526
1644.00000000	146.59258327
1646.00000000	147.60640438
1648.00000000	148.98004546
1650.00000000	148.91570014
1652.00000000	148.66386015
1654.00000000	148.00611815
1656.00000000	146.74348275
1658.00000000	144.48337510
1660.00000000	142.32690954
1662.00000000	139.50472920
1664.00000000	136.48802483
1666.00000000	133.12856863
1668.00000000	129.86011366
1670.00000000	126.38971325
1672.00000000	123.00506262
1674.00000000	119.57631451
1676.00000000	116.44336840
1678.00000000	112.96426177
1680.00000000	110.20471583
1682.00000000	107.57117977
1684.00000000	104.83329085
1686.00000000	102.90247921
1688.00000000	100.96689841
1690.00000000	99.32862086
1692.00000000	98.04382264
1694.00000000	96.42768725
1696.00000000	95.82415433
1698.00000000	94.77488585
1700.00000000	93.97314103
1702.00000000	93.58986592
1704.00000000	92.96589164
1706.00000000	92.69096168
1708.00000000	92.53919445
1710.00000000	92.44402128
1712.00000000	92.36677349
1714.00000000	92.11040657
1716.00000000	91.93803961
1718.00000000	92.08880671
1720.00000000	91.94234937
1722.00000000	92.20560841
1724.00000000	92.12005314
1726.00000000	92.02538445
1728.00000000	92.13933576
1730.00000000	92.21271567
1732.00000000	92.29957099
1734.00000000	92.12398552
1736.00000000	92.39626356
1738.00000000	92.09100835
1740.00000000	92.26473373
1742.00000000	92.29686849
1744.00000000	92.37501082
1746.00000000	92.39332267
1748.00000000	92.63790768
1750.00000000	92.39770353
1752.00000000	92.41959650
1754.00000000	92.47476025
1756.00000000	92.45685007
1758.00000000	92.46139521
1760.00000000	92.67854427
1762.00000000	92.74643712
1764.00000000	92.57277153
1766.00000000	92.59168784
1768.00000000	92.62565499
1770.00000000	92.89381409
1772.00000000	93.01701098
1774.00000000	92.67789072
1776.00000000	92.83190571
1778.00000000	92.98459550
1780.00000000	93.07466984
1782.00000000	92.83664114
1784.00000000	92.77192693
1786.00000000	93.38315119
1788.00000000	93.28100182
1790.00000000	93.25216115
1792.00000000	93.28124199
1794.00000000	93.13179791
1796.00000000	93.37395844
1798.00000000	93.35444179
1800.00000000	93.32945101
1802.00000000	93.51819306
1804.00000000	93.58431604
1806.00000000	93.43179617
1808.00000000	93.70668502
1810.00000000	93.43852085
1812.00000000	93.72289199
1814.00000000	93.78190874
1816.00000000	93.81072187
1818.00000000	93.85090378
1820.00000000	93.88494922
1822.00000000	94.23895328
1824.00000000	93.72775780
1826.00000000	93.98314012
1828.00000000	93.95099620
1830.00000000	94.17253865
1832.00000000	94.05913066
1834.00000000	94.18829587
1836.00000000	94.17819485
1838.00000000	94.23427839
1840.00000000	94.00273957
1842.00000000	94.48239851
1844.00000000	94.36236321
1846.00000000	94.34714841
1848.00000000	94.33824886
1850.00000000	94.47986414
1852.00000000	94.44621227
1854.00000000	94.36166366
1856.00000000	94.72176546
1858.00000000	94.60222912
1860.00000000	94.69101175
1862.00000000	94.68800350
1864.00000000	94.80842400
1866.00000000	94.83469878
1868.00000000	94.84215381
1870.00000000	94.87680740
1872.00000000	94.87177792
1874.00000000	94.86101662
1876.00000000	94.91206958
1878.00000000	95.28641105
1880.00000000	95.00211462
1882.00000000	95.19370120
1884.00000000	95.17230856
1886.00000000	95.12822186
1888.00000000	95.28149859
1890.00000000	95.42638897
1892.00000000	95.54840437
1894.00000000	95.39936194
1896.00000000	95.52190591
1898.00000000	95.43488139
1900.00000000	95.64332368
1902.00000000	95.65450939
1904.00000000	95.69015235
1906.00000000	95.76659561
1908.00000000	95.75095913
1910.00000000	95.73240487
1912.00000000	95.98789886
1914.00000000	96.09282366
1916.00000000	95.95134283
1918.00000000	95.88475268
1920.00000000	96.01633230
1922.00000000	96.14340943
1924.00000000	96.12073244
1926.00000000	96.21815398
1928.00000000	96.27902085
1930.00000000	96.21651242
1932.00000000	96.37627003
1934.00000000	96.32403067
1936.00000000	96.30537535
1938.00000000	96.45161351
1940.00000000	96.37106501
1942.00000000	96.65831958
1944.00000000	96.58075294
1946.00000000	96.76195421
1948.00000000	96.74317985
1950.00000000	96.64001865
1952.00000000	97.02357743
1954.00000000	96.79483774
1956.00000000	97.09487783
1958.00000000	96.89524195
1960.00000000	97.03200293
1962.00000000	97.09716893
1964.00000000	97.20845172
1966.00000000	97.23494959
1968.00000000	97.39879971
1970.00000000	97.46410656
1972.00000000	97.49488678
1974.00000000	97.38014418
1976.00000000	97.53882901
1978.00000000	97.71196820
1980.00000000	97.68348764
1982.00000000	97.52465323
1984.00000000	97.80845502
1986.00000000	97.59173589
1988.00000000	97.75257369
1990.00000000	97.99062025
1992.00000000	97.84749050
1994.00000000	97.99543506
1996.00000000	98.12932749
1998.00000000	98.13315444
2000.00000000	98.27063171
2002.00000000	98.20923550
2004.00000000	98.07547732
2006.00000000	98.12331572
2008.00000000	98.26601562
2010.00000000	98.28899289
2012.00000000	98.49277070
2014.00000000	98.45847868
2016.00000000	98.28872751
2018.00000000	98.40190269
2020.00000000	98.53931923
2022.00000000	98.64343709
2024.00000000	98.70370013
2026.00000000	98.60597976
2028.00000000	98.93917115
2030.00000000	98.94874119
2032.00000000	98.73967190
2034.00000000	98.95238830
2036.00000000	98.89507821
2038.00000000	99.00694316
2040.00000000	99.14722471
2042.00000000	99.39903226
2044.00000000	99.27270108
2046.00000000	99.23198420
2048.00000000	99.28881115
2050.00000000	99.43594617
2052.00000000	99.47728177
2054.00000000	99.46436756
2056.00000000	99.52667813
2058.00000000	99.60619537
2060.00000000	99.61378997
2062.00000000	99.58283476
2064.00000000	99.72750457
2066.00000000	99.91839117
2068.00000000	99.94570783
2070.00000000	99.78544130
2072.00000000	99.74333444
2074.00000000	99.91736843
2076.00000000	99.74841227
2078.00000000	100.19490532
2080.00000000	100.08423702
2082.00000000	100.27656579
2084.00000000	100.16946854
2086.00000000	100.22429597
2088.00000000	100.53276776
2090.00000000	100.52132849
2092.00000000	100.17446182
2094.00000000	100.42604812
2096.00000000	100.49907028
2098.00000000	100.67902585
2100.00000000	100.91016342
2102.00000000	100.89823689
2104.00000000	100.81800922
2106.00000000	100.84889382
2108.00000000	101.15667813
2110.00000000	101.08116026
2112.00000000	101.13110679
2114.00000000	101.27047606
2116.00000000	101.45234092
2118.00000000	101.56319783
2120.00000000	101.81919859
2122.00000000	101.63409115
2124.00000000	101.92388762
2126.00000000	102.10929234
2128.00000000	102.10157949
2130.00000000	102.52211433
2132.00000000	102.73221411
2134.00000000	102.66316902
2136.00000000	103.07653740
2138.00000000	103.33941022
2140.00000000	103.66063522
2142.00000000	103.99899945
2144.00000000	104.63894245
2146.00000000	104.91426982
2148.00000000	105.21224638
2150.00000000	105.64220546
2152.00000000	106.24715004
2154.00000000	106.77703845
2156.00000000	107.81600091
2158.00000000	108.61359072
2160.00000000	109.32304909
2162.00000000	110.23067406
2164.00000000	111.03340442
2166.00000000	112.08747913
2168.00000000	113.10817079
2170.00000000	114.22542616
2172.00000000	115.69335342
2174.00000000	117.03099610
2176.00000000	118.26479275
2178.00000000	120.16775377
2180.00000000	121.56598982
2182.00000000	123.56220964
2184.00000000	125.21730885
2186.00000000	127.26471360
2188.00000000	129.28815459
2190.00000000	131.23458784
2192.00000000	133.81227126
2194.00000000	135.96399605
2196.00000000	138.38605026
2198.00000000	140.57682097
2200.00000000	143.29554951
2202.00000000	145.86543851
2204.00000000	148.51256072
2206.00000000	151.08796363
2208.00000000	153.89126342
2210.00000000	156.92480773
2212.00000000	159.33771112
2214.00000000	161.88838461
2216.00000000	164.70989353
2218.00000000	167.20080034
2220.00000000	169.65515971
2222.00000000	172.34930714
2224.00000000	174.64843098
2226.00000000	176.92383825
2228.00000000	178.92425882
2230.00000000	181.26799694
2232.00000000	183.13605417
2234.00000000	184.88941193
2236.00000000	186.47717567
2238.00000000	187.86817375
2240.00000000	188.91780682
2242.00000000	189.99503898
2244.00000000	190.56847257
2246.00000000	191.18193926
2248.00000000	191.64460874
2250.00000000	191.63959946
2252.00000000	191.80325491
2254.00000000	191.81407133
2256.00000000	191.12331279
2258.00000000	190.16025428
2260.00000000	189.55587536
2262.00000000	188.38822868
2264.00000000	187.08881750
2266.00000000	185.56922329
2268.00000000	184.14890790
2270.00000000	182.12554525
2272.00000000	180.20021723
2274.00000000	177.96740846
2276.00000000	176.02111252
2278.00000000	173.64787639
2280.00000000	171.25962104
2282.00000000	169.00126295
2284.00000000	166.35680018
2286.00000000	163.75031955
2288.00000000	161.25625235
2290.00000000	158.77581572
2292.00000000	156.02841665
2294.00000000	153.40696062
2296.00000000	150.90102213
2298.00000000	148.31686497
2300.00000000	146.07001427
2302.00000000	143.29720090
2304.00000000	141.08485204
2306.00000000	138.93034710
2308.00000000	136.72093023
2310.00000000	134.40599231
2312.00000000	132.49399087
2314.00000000	130.56131776
2316.00000000	128.86836008
2318.00000000	126.96144009
2320.00000000	125.38576793
2322.00000000	123.75709706
2324.00000000	122.20694911
2326.00000000	120.88705382
2328.00000000	119.60353891
2330.00000000	118.51642505
2332.00000000	117.33875047
2334.00000000	116.53178203
2336.00000000	115.24328900
2338.00000000	114.71825221
2340.00000000	113.93082365
2342.00000000	113.13116277
2344.00000000	112.46625401
2346.00000000	112.07349511
2348.00000000	111.49813138
2350.00000000	110.85926556
2352.00000000	110.67979192
2354.00000000	110.27716528
2356.00000000	109.82290220
2358.00000000	109.57237784
2360.00000000	109.46779743
2362.00000000	108.91535552
2364.00000000	108.88952448
2366.00000000	108.82848077
2368.00000000	108.75683806
2370.00000000	108.51919468
2372.00000000	108.27396180
2374.00000000	108.33592800
2376.00000000	108.41019345
2378.00000000	108.21924217
2380.00000000	108.27563323
2382.00000000	108.13700590
2384.00000000	108.17921183
2386.00000000	108.29766888
2388.00000000	108.16851952
2390.00000000	108.22127640
2392.00000000	108.18491660
2394.00000000	108.34117760
2396.00000000	108.27690955
2398.00000000	108.22971789
2400.00000000	108.34527020
2402.00000000	108.29149052
2404.00000000	108.37968185
2406.00000000	108.62735861
2408.00000000	108.59427260
2410.00000000	108.47064123
2412.00000000	108.60149200
2414.00000000	108.62954366
2416.00000000	108.84442429
2418.00000000	108.80424377
2420.00000000	108.71043736
2422.00000000	108.69750254
2424.00000000	108.92585264
2426.00000000	108.77932824
2428.00000000	108.90906938
2430.00000000	108.88145126
2432.00000000	108.99102626
2434.00000000	109.02878663
2436.00000000	109.00112465
2438.00000000	109.07193317
2440.00000000	109.21096094
2442.00000000	109.25662822
2444.00000000	109.40144751
2446.00000000	109.41270160
2448.00000000	109.48198975
2450.00000000	109.31648314
2452.00000000	109.50140630
2454.00000000	109.34674525
2456.00000000	109.59126863
2458.00000000	109.62363384
2460.00000000	109.71697547
2462.00000000	109.83902786
2464.00000000	109.75277593
2466.00000000	109.78106716
2468.00000000	109.87099053
2470.00000000	109.97066339
2472.00000000	109.69440348
2474.00000000	109.66191792
2476.00000000	109.93474538
2478.00000000	109.88620107
2480.00000000	110.01256428
2482.00000000	109.86167362
2484.00000000	109.96121952
2486.00000000	110.21006240
2488.00000000	110.24946459
2490.00000000	110.34558298
2492.00000000	110.32609760
2494.00000000	110.29303953
2496.00000000	110.21135434
2498.00000000	110.39087852
2500.00000000	110.62556371
2502.00000000	110.27502887
2504.00000000	110.32348348
2506.00000000	110.27747252
2508.00000000	110.53124845
2510.00000000	110.56403839
2512.00000000	110.82512969
2514.00000000	110.82820753
2516.00000000	110.79038609
2518.00000000	110.71201188
2520.00000000	110.75775053
2522.00000000	110.74668091
2524.00000000	110.95319368
2526.00000000	110.89837185
2528.00000000	110.95546878
2530.00000000	110.91180441
2532.00000000	110.86964031
2534.00000000	110.94611943
2536.00000000	110.83500684
2538.00000000	111.08868733
2540.00000000	111.10868722
2542.00000000	111.14702881
2544.00000000	111.25891407
2546.00000000	111.19378688
2548.00000000	111.29070173
2550.00000000	111.37039038
2552.00000000	111.33579162
2554.00000000	111.44836299
2556.00000000	111.62942415
2558.00000000	111.38106869
2560.00000000	111.36430909
2562.00000000	111.44145858
2564.00000000	111.41930698
2566.00000000	111.66716726
2568.00000000	111.73082483
2570.00000000	111.61967655
2572.00000000	111.55434125
2574.00000000	111.81654340
2576.00000000	111.87015144
2578.00000000	111.72387367
2580.00000000	111.56018171
2582.00000000	112.09532624
2584.00000000	111.88529270
2586.00000000	112.04804422
2588.00000000	111.98674073
2590.00000000	111.77188860
2592.00000000	111.94234448
2594.00000000	111.98523361
2596.00000000	112.27746125
2598.00000000	111.99290747
2600.00000000	112.04695398
2602.00000000	112.16653423
2604.00000000	112.26569502
2606.00000000	112.26342740
2608.00000000	112.17596469
2610.00000000	112.36896265
2612.00000000	112.37023902
2614.00000000	112.15440769
2616.00000000	112.38217874
2618.00000000	112.43322616
2620.00000000	112.31554137
2622.00000000	112.40069002
2624.00000000	112.38785707
2626.00000000	112.50679915
2628.00000000	112.62550978
2630.00000000	112.66253161
2632.00000000	112.71786729
2634.00000000	112.51657688
2636.00000000	112.64185726
2638.00000000	112.36810819
2640.00000000	112.79716176
2642.00000000	112.56567132
2644.00000000	112.57697224
2646.00000000	112.72326956
2648.00000000	112.72946047
2650.00000000	112.87793367
2652.00000000	112.92097405
2654.00000000	112.64756853
2656.00000000	112.92028726
2658.00000000	112.84811687
2660.00000000	113.07948756
2662.00000000	113.07100686
2664.00000000	112.99373942
2666.00000000	113.19672644
2668.00000000	112.88923152
2670.00000000	113.02961442
2672.00000000	113.12868581
2674.00000000	113.01622669
2676.00000000	113.02071665
2678.00000000	113.30177221
2680.00000000	113.05541887
2682.00000000	113.23308626
2684.00000000	113.43526631
2686.00000000	113.17843695
2688.00000000	113.20177482
2690.00000000	113.23270637
2692.00000000	113.30443000
2694.00000000	113.38870695
2696.00000000	113.45048071
2698.00000000	113.54650311
2700.00000000	113.36286393
2702.00000000	113.37080024
2704.00000000	113.47570473
2706.00000000	113.74984211
2708.00000000	113.56432698
2710.00000000	113.66230836
2712.00000000	113.53427754
2714.00000000	113.56671241
2716.00000000	113.52397209
2718.00000000	113.71266378
2720.00000000	113.78553163
2722.00000000	113.76602563
2724.00000000	113.75234670
2726.00000000	113.89589408
2728.00000000	113.80345481
2730.00000000	113.81426080
2732.00000000	113.97872315
2734.00000000	114.00038484
2736.00000000	113.80156215
2738.00000000	114.16700882
2740.00000000	114.17761025
2742.00000000	114.16118813
2744.00000000	114.19800183
2746.00000000	114.20643327
2748.00000000	114.42505416
2750.00000000	114.13194852
2752.00000000	114.48263646
2754.00000000	114.39674403
2756.00000000	114.83694703
2758.00000000	114.87669808
2760.00000000	114.82916948
2762.00000000	115.21012523
2764.00000000	115.30499905
2766.00000000	115.24286287
2768.00000000	115.54162932
2770.00000000	115.86183204
2772.00000000	115.85651778
2774.00000000	116.06276061
2776.00000000	116.50615826
2778.00000000	116.75313189
2780.00000000	116.87980540
2782.00000000	117.23929372
2784.00000000	117.50099010
2786.00000000	117.90796334
2788.00000000	118.24035205
2790.00000000	118.51856221
2792.00000000	119.50919799
2794.00000000	119.54723461
2796.00000000	119.98477212
2798.00000000	120.63834329
2800.00000000	121.21289094
2802.00000000	121.98212590
2804.00000000	122.73003555
2806.00000000	123.65706972
2808.00000000	124.26316071
2810.00000000	125.15051688
2812.00000000	125.96834523
2814.00000000	126.83321372
2816.00000000	127.98754871
2818.00000000	129.10544601
2820.00000000	129.93756009
2822.00000000	131.23927864
2824.00000000	132.77213731
2826.00000000	133.99520804
2828.00000000	135.45284667
2830.00000000	136.73445938
2832.00000000	138.19713349
2834.00000000	139.71324610
2836.00000000	141.43524885
2838.00000000	143.18916990
2840.00000000	145.03137509
2842.00000000	146.88485103
2844.00000000	148.86828327
2846.00000000	150.72094681
2848.00000000	152.66813500
2850.00000000	154.85887874
2852.00000000	156.97670037
2854.00000000	159.39973693
2856.00000000	161.94412347
2858.00000000	164.02336303
2860.00000000	166.32516216
2862.00000000	169.00103843
2864.00000000	171.32374127
2866.00000000	173.72926518
2868.00000000	176.37611048
2870.00000000	178.97089125
2872.00000000	181.38229845
2874.00000000	183.86169247
2876.00000000	186.60511872
2878.00000000	189.04391133
2880.00000000	191.55045232
2882.00000000	194.11465890
2884.00000000	196.70332189
2886.00000000	199.15845948
2888.00000000	201.62665170
2890.00000000	204.08375687
2892.00000000	206.30223935
2894.00000000	208.61210643
2896.00000000	210.82980530
2898.00000000	213.03947669
2900.00000000	214.93242637
2902.00000000	216.73362987
2904.00000000	218.71308508
2906.00000000	220.42315151
2908.00000000	222.20277308
2910.00000000	223.62234751
2912.00000000	224.93112673
2914.00000000	226.14217852
2916.00000000	227.39928853
2918.00000000	228.33972584
2920.00000000	229.41015809
2922.00000000	229.75430178
2924.00000000	230.59842794
2926.00000000	230.94040867
2928.00000000	230.96020971
2930.00000000	231.09618386
2932.00000000	231.24730875
2934.00000000	230.84226702
2936.00000000	230.41352759
2938.00000000	230.00726961
2940.00000000	229.36412943
2942.00000000	228.38373706
2944.00000000	227.54838331
2946.00000000	226.27541841
2948.00000000	225.08494473
2950.00000000	223.82332732
2952.00000000	222.30256494
2954.00000000	220.59668987
2956.00000000	218.70205368
2958.00000000	217.07408164
2960.00000000	215.20268987
2962.00000000	213.00987595
2964.00000000	210.94158345
2966.00000000	208.87349777
2968.00000000	206.44348448
2970.00000000	204.14630949
2972.00000000	201.91196938
2974.00000000	199.19255567
2976.00000000	196.86794041
2978.00000000	194.45509467
2980.00000000	191.69432019
2982.00000000	189.31219145
2984.00000000	186.80972034
2986.00000000	184.20011189
2988.00000000	181.42968994
2990.00000000	179.00746674
2992.00000000	176.62453882
2994.00000000	173.91047490
2996.00000000	171.42497160
2998.00000000	168.87705966
3000.00000000	166.33664127
3002.00000000	164.17646307
3004.00000000	161.99694178
3006.00000000	159.77690554
3008.00000000	157.35957698
3010.00000000	155.27246115
3012.00000000	153.14099925
3014.00000000	151.17714428
3016.00000000	149.24978188
3018.00000000	147.16959704
3020.00000000	145.17132427
3022.00000000	143.69250630
3024.00000000	142.08820152
3026.00000000	140.06877453
3028.00000000	138.77342271
3030.00000000	136.93546585
3032.00000000	135.57289848
3034.00000000	134.04273710
3036.00000000	132.90947191
3038.00000000	132.02385772
3040.00000000	130.28214537
3042.00000000	129.32296341
3044.00000000	128.25976381
3046.00000000	127.34112451
3048.00000000	126.48314650
3050.00000000	125.66463194
3052.00000000	124.70159145
3054.00000000	123.95131634
3056.00000000	123.31447053
3058.00000000	122.71901787
3060.00000000	121.93023251
3062.00000000	121.38244178
3064.00000000	120.69458612
3066.00000000	120.20138603
3068.00000000	119.73996947
3070.00000000	119.33801117
3072.00000000	119.12390667
3074.00000000	118.35661374
3076.00000000	117.98223819
3078.00000000	117.73203810
3080.00000000	117.52447281
3082.00000000	117.26229852
3084.00000000	117.06897795
3086.00000000	116.68263769
3088.00000000	116.80049972
3090.00000000	116.53075827
3092.00000000	116.46092107
3094.00000000	116.14067637
3096.00000000	116.08665343
3098.00000000	115.92724760
3100.00000000	115.51683444
3102.00000000	115.66698851
3104.00000000	115.46704564
3106.00000000	115.37127553
3108.00000000	115.42793159
3110.00000000	115.20135954
3112.00000000	114.95984235
3114.00000000	115.18113962
3116.00000000	114.99562601
3118.00000000	115.11138781
3120.00000000	114.92900128
3122.00000000	114.66451131
3124.00000000	114.85184681
3126.00000000	114.82016256
3128.00000000	114.87118970
3130.00000000	114.94560860
3132.00000000	114.80808630
3134.00000000	114.67507740
3136.00000000	114.72632969
3138.00000000	114.76723515
3140.00000000	114.94824399
3142.00000000	114.61979290
3144.00000000	114.70105766
3146.00000000	114.48404534
3148.00000000	114.63014481
3150.00000000	114.66585079
3152.00000000	114.62982747
3154.00000000	114.59259022
3156.00000000	114.69425951
3158.00000000	114.79531915
3160.00000000	114.71901063
3162.00000000	114.51746674
3164.00000000	114.59025849
3166.00000000	114.39695052
3168.00000000	114.45135784
3170.00000000	114.55907604
3172.00000000	114.63807230
3174.00000000	114.39150139
3176.00000000	114.69332213
3178.00000000	114.44206146
3180.00000000	114.65630902
3182.00000000	114.39118082
3184.00000000	114.61083378
3186.00000000	114.38796556
3188.00000000	114.61786012
3190.00000000	114.48959259
3192.00000000	114.53556457
3194.00000000	114.77494586
3196.00000000	114.55583215
3198.00000000	114.46756756
3200.00000000	114.42806619
3202.00000000	114.61019558
3204.00000000	114.46317619
3206.00000000	114.48460607
3208.00000000	114.59494067
3210.00000000	114.29664326
3212.00000000	114.67334400
3214.00000000	114.47511635
3216.00000000	114.29830345
3218.00000000	114.24335151
3220.00000000	114.21963769
3222.00000000	114.46670076
3224.00000000	114.46237675
3226.00000000	114.44037867
3228.00000000	114.31630329
3230.00000000	114.28848314
3232.00000000	114.40337913
3234.00000000	114.41943681
3236.00000000	114.24322921
3238.00000000	114.69619284
3240.00000000	114.35807482
3242.00000000	114.28962835
3244.00000000	114.37259303
3246.00000000	114.51813236
3248.00000000	114.35903949
3250.00000000	114.26626657
3252.00000000	113.99585648
3254.00000000	114.47787146
3256.00000000	114.19432595
3258.00000000	114.42363083
3260.00000000	114.38049553
3262.00000000	114.34820239
3264.00000000	114.41153598
3266.00000000	114.32867698
3268.00000000	114.35238068
3270.00000000	114.19711675
3272.00000000	114.22483545
3274.00000000	114.31947708
3276.00000000	114.37363105
3278.00000000	114.38063885
3280.00000000	114.10167883
3282.00000000	114.47430076
3284.00000000	114.21979728
3286.00000000	114.35502009
3288.00000000	113.94119175
3290.00000000	114.32521256
3292.00000000	114.39902458
3294.00000000	114.25340565
3296.00000000	114.16845572
3298.00000000	114.23774798
3300.00000000	114.30614961
