500.00000000	87.09707861
502.00000000	87.05661789
504.00000000	86.97360329
506.00000000	86.89879032
508.00000000	86.97719190
510.00000000	87.23745182
512.00000000	87.28188030
514.00000000	87.05777411
516.00000000	87.06209361
518.00000000	87.33512720
520.00000000	87.11582333
522.00000000	87.28981241
524.00000000	87.30185742
526.00000000	87.36552035
528.00000000	87.27783042
530.00000000	87.34607630
532.00000000	87.15209101
534.00000000	87.43614233
536.00000000	87.46175193
538.00000000	87.27814089
540.00000000	87.55634071
542.00000000	87.52221400
544.00000000	87.50649707
546.00000000	87.73524422
548.00000000	87.52313889
550.00000000	87.61605019
552.00000000	87.29594833
554.00000000	87.81468517
556.00000000	87.62580780
558.00000000	87.56904304
560.00000000	87.78544284
562.00000000	87.83236670
564.00000000	87.80276383
566.00000000	87.75017280
568.00000000	87.79711320
570.00000000	87.84519753
572.00000000	87.64177096
574.00000000	87.81399898
576.00000000	88.06551498
578.00000000	87.92745085
580.00000000	87.92421336
582.00000000	87.87816234
584.00000000	87.76968584
586.00000000	87.88337163
588.00000000	88.07534939
590.00000000	87.89385517
592.00000000	88.17115285
594.00000000	88.06205586
596.00000000	88.22383449
598.00000000	88.28231961
600.00000000	87.97389022
602.00000000	87.94190915
604.00000000	88.04369511
606.00000000	88.25729822
608.00000000	88.18224211
610.00000000	88.07550751
612.00000000	88.28494506
614.00000000	88.33599012
616.00000000	88.10580000
618.00000000	88.04962762
620.00000000	88.08724214
622.00000000	88.53488236
624.00000000	88.60759018
626.00000000	88.46887232
628.00000000	88.25448176
630.00000000	88.48386545
632.00000000	88.27443498
634.00000000	88.42429697
636.00000000	88.56995867
638.00000000	88.51038781
640.00000000	88.71059139
642.00000000	88.36879958
644.00000000	88.20996622
646.00000000	88.40020501
648.00000000	88.49017908
650.00000000	88.34720756
652.00000000	88.41485335
654.00000000	88.32376562
656.00000000	88.37665966
658.00000000	88.50320873
660.00000000	88.65313499
662.00000000	88.73949985
664.00000000	88.68523803
666.00000000	88.62334078
668.00000000	88.85045751
670.00000000	88.67191258
672.00000000	88.78810157
674.00000000	88.76776903
676.00000000	88.67342792
678.00000000	88.75756217
680.00000000	88.79389957
682.00000000	88.78975307
684.00000000	88.99347964
686.00000000	89.32423466
688.00000000	89.64223877
690.00000000	90.12458723
692.00000000	90.79374341
694.00000000	91.57831198
696.00000000	92.90639816
698.00000000	94.94689729
700.00000000	96.75463806
702.00000000	99.60534031
704.00000000	103.07985101
706.00000000	107.30683864
708.00000000	112.19582007
710.00000000	117.74160772
712.00000000	123.99361313
714.00000000	130.61083399
716.00000000	137.62857964
718.00000000	144.67127755
720.00000000	151.19542516
722.00000000	157.18229338
724.00000000	162.42605703
726.00000000	165.98156798
728.00000000	168.32630734
730.00000000	169.38702302
732.00000000	168.46800405
734.00000000	166.10754883
736.00000000	162.34811694
738.00000000	156.88351026
740.00000000	151.14910436
742.00000000	144.55450116
744.00000000	137.69471497
746.00000000	130.65382768
748.00000000	124.41595908
750.00000000	117.90250423
752.00000000	112.47612518
754.00000000	107.55411046
756.00000000	103.66954916
758.00000000	99.72437174
760.00000000	96.98265089
762.00000000	95.01253421
764.00000000	93.17811430
766.00000000	92.07575485
768.00000000	91.09658918
770.00000000	90.27067986
772.00000000	89.89203422
774.00000000	89.51146514
776.00000000	89.40069689
778.00000000	89.39858943
780.00000000	89.10942729
782.00000000	89.11905073
784.00000000	89.04368328
786.00000000	89.04465887
788.00000000	89.16811395
790.00000000	89.08081352
792.00000000	89.06818789
794.00000000	89.30130792
796.00000000	89.15555309
798.00000000	89.19770112
800.00000000	89.28156108
802.00000000	89.13981550
804.00000000	89.13313916
806.00000000	89.37905679
808.00000000	89.16165661
810.00000000	88.97506867
812.00000000	89.05117702
814.00000000	88.91788323
816.00000000	89.30046157
818.00000000	89.12172440
820.00000000	89.30866234
822.00000000	89.22350221
824.00000000	89.21444366
826.00000000	89.27612231
828.00000000	89.13617137
830.00000000	89.20926632
832.00000000	88.90257127
834.00000000	89.14175196
836.00000000	89.33930412
838.00000000	89.37563481
840.00000000	89.42407474
842.00000000	89.11925622
844.00000000	89.06800553
846.00000000	89.32064225
848.00000000	89.26123838
850.00000000	89.20190069
852.00000000	89.04168290
854.00000000	89.16031085
856.00000000	88.94624796
858.00000000	89.18713782
860.00000000	89.25330580
862.00000000	89.53354778
864.00000000	89.21447646
866.00000000	89.40405782
868.00000000	89.07654681
870.00000000	89.30590057
872.00000000	89.03122126
874.00000000	89.26378524
876.00000000	89.23943702
878.00000000	89.10079848
880.00000000	89.19911032
882.00000000	89.26030998
884.00000000	89.32527186
886.00000000	89.22351521
888.00000000	89.31115758
890.00000000	89.23147005
892.00000000	89.02398165
894.00000000	89.41176448
896.00000000	89.20571034
898.00000000	89.17372155
900.00000000	89.15739848
902.00000000	89.05717274
904.00000000	89.17745398
906.00000000	89.22717842
908.00000000	89.22739256
910.00000000	89.11659045
912.00000000	89.02258688
914.00000000	89.17996218
916.00000000	89.10166364
918.00000000	89.08462959
920.00000000	89.41868422
922.00000000	89.21683816
924.00000000	89.33293291
926.00000000	89.37853006
928.00000000	89.66154126
930.00000000	89.76211216
932.00000000	89.97354285
934.00000000	90.23064323
936.00000000	90.57714845
938.00000000	91.22884977
940.00000000	91.76053905
942.00000000	92.13871024
944.00000000	92.83126090
946.00000000	93.97551710
948.00000000	95.20280382
950.00000000	96.38120063
952.00000000	97.98748344
954.00000000	100.01436375
956.00000000	102.24555169
958.00000000	104.98610948
960.00000000	107.76298116
962.00000000	111.10511274
964.00000000	114.63139021
966.00000000	118.85054135
968.00000000	122.96967821
970.00000000	127.73159534
972.00000000	132.59812341
974.00000000	137.95195171
976.00000000	142.90739332
978.00000000	148.47341174
980.00000000	153.92596948
982.00000000	159.14265343
984.00000000	163.96138205
986.00000000	168.87694434
988.00000000	173.27138313
990.00000000	177.23560083
992.00000000	180.68292314
994.00000000	183.31855590
996.00000000	185.21094217
998.00000000	186.37144904
1000.00000000	186.74516100
1002.00000000	186.38265110
1004.00000000	185.42749262
1006.00000000	183.20420502
1008.00000000	180.28957887
1010.00000000	177.21527872
1012.00000000	173.19559478
1014.00000000	168.97781232
1016.00000000	164.13387915
1018.00000000	158.68225780
1020.00000000	153.61499482
1022.00000000	148.29996436
1024.00000000	143.03077480
1026.00000000	137.63581076
1028.00000000	132.43515242
1030.00000000	127.54134456
1032.00000000	123.00152375
1034.00000000	118.39265441
1036.00000000	114.73528453
1038.00000000	110.80737147
1040.00000000	107.64928341
1042.00000000	104.70420916
1044.00000000	102.23061262
1046.00000000	99.80477939
1048.00000000	98.09818349
1050.00000000	96.34833938
1052.00000000	94.81320101
1054.00000000	93.73360160
1056.00000000	92.70028316
1058.00000000	91.88435377
1060.00000000	91.05056472
1062.00000000	90.71877414
1064.00000000	90.20259577
1066.00000000	89.99876396
1068.00000000	89.40437004
1070.00000000	89.30144622
1072.00000000	89.24856118
1074.00000000	89.07679715
1076.00000000	88.84108020
1078.00000000	89.14968689
1080.00000000	88.91600300
1082.00000000	88.73163047
1084.00000000	88.91087752
1086.00000000	89.00520753
1088.00000000	88.78921000
1090.00000000	88.76115889
1092.00000000	88.82243646
1094.00000000	88.78450763
1096.00000000	88.51911108
1098.00000000	88.54832381
1100.00000000	88.69008410
1102.00000000	88.78401947
1104.00000000	88.76105346
1106.00000000	88.79278018
1108.00000000	88.81727385
1110.00000000	88.93513255
1112.00000000	88.47268625
1114.00000000	88.65696862
1116.00000000	88.75024800
1118.00000000	88.76995492
1120.00000000	88.51775397
1122.00000000	88.75952684
1124.00000000	88.62747457
1126.00000000	88.50843937
1128.00000000	88.54082009
1130.00000000	88.73300063
1132.00000000	88.85016285
1134.00000000	88.63531837
1136.00000000	88.60320890
1138.00000000	88.70647432
1140.00000000	88.66678126
1142.00000000	88.61979245
1144.00000000	88.35536682
1146.00000000	88.63005008
1148.00000000	88.68858745
1150.00000000	88.52294213
1152.00000000	88.48001396
1154.00000000	88.59446345
1156.00000000	88.68460116
1158.00000000	88.73110875
1160.00000000	88.59862374
1162.00000000	88.56832665
1164.00000000	88.59852794
1166.00000000	88.44333555
1168.00000000	88.57201737
1170.00000000	88.46192158
1172.00000000	88.67089580
1174.00000000	88.66821851
1176.00000000	88.47451276
1178.00000000	88.66080123
1180.00000000	88.75468304
1182.00000000	88.63131145
1184.00000000	88.43951870
1186.00000000	88.51625984
1188.00000000	88.42424570
1190.00000000	88.64861973
1192.00000000	88.23719535
1194.00000000	88.42893916
1196.00000000	88.60910931
1198.00000000	88.40681911
1200.00000000	88.65343271
1202.00000000	88.58272063
1204.00000000	88.26860856
1206.00000000	88.47621631
1208.00000000	88.72509842
1210.00000000	88.49048730
1212.00000000	88.52005852
1214.00000000	88.45909023
1216.00000000	88.25549537
1218.00000000	88.59948089
1220.00000000	88.43282348
1222.00000000	88.43462977
1224.00000000	88.62660964
1226.00000000	88.49749109
1228.00000000	88.59358730
1230.00000000	88.47446320
1232.00000000	88.19055577
1234.00000000	88.54071161
1236.00000000	88.37450987
1238.00000000	88.49752479
1240.00000000	88.24553982
1242.00000000	88.35477345
1244.00000000	88.32448245
1246.00000000	88.61535883
1248.00000000	88.47238655
1250.00000000	88.42788232
1252.00000000	88.52170755
1254.00000000	88.66939523
1256.00000000	88.44267096
1258.00000000	88.56699284
1260.00000000	88.48982663
1262.00000000	88.39432037
1264.00000000	88.45441900
1266.00000000	88.44904448
1268.00000000	88.46019245
1270.00000000	88.26615645
1272.00000000	88.47502171
1274.00000000	88.40013074
1276.00000000	88.49390239
1278.00000000	88.57000680
1280.00000000	88.39253567
1282.00000000	88.37349926
1284.00000000	88.43827558
1286.00000000	88.48446630
1288.00000000	88.45103481
1290.00000000	88.43743364
1292.00000000	88.48254001
1294.00000000	88.40102671
1296.00000000	88.53822383
1298.00000000	88.27748355
1300.00000000	88.46877415
1302.00000000	88.38687520
1304.00000000	88.61932282
1306.00000000	88.30634471
1308.00000000	88.59403307
1310.00000000	88.51953828
1312.00000000	88.44363931
1314.00000000	88.49129454
1316.00000000	88.57467703
1318.00000000	88.67948222
1320.00000000	88.28819769
1322.00000000	88.48672361
1324.00000000	88.33348333
1326.00000000	88.37119914
1328.00000000	88.32590191
1330.00000000	88.35909852
1332.00000000	88.30861312
1334.00000000	88.58143382
1336.00000000	88.50667250
1338.00000000	88.44168068
1340.00000000	88.43289759
1342.00000000	88.61048746
1344.00000000	88.42365497
1346.00000000	88.54453087
1348.00000000	88.50778335
1350.00000000	88.54336799
1352.00000000	88.76456761
1354.00000000	88.36158432
1356.00000000	88.82257781
1358.00000000	88.78854790
1360.00000000	88.85753277
1362.00000000	88.90140645
1364.00000000	88.64521656
1366.00000000	89.12429911
1368.00000000	89.46920283
1370.00000000	89.65277636
1372.00000000	89.97995661
1374.00000000	90.20192360
1376.00000000	90.58045070
1378.00000000	91.07572450
1380.00000000	91.75809698
1382.00000000	92.48225357
1384.00000000	92.94182947
1386.00000000	94.28584378
1388.00000000	95.45410772
1390.00000000	96.43654822
1392.00000000	98.39671271
1394.00000000	100.10396810
1396.00000000	102.09623810
1398.00000000	104.25834376
1400.00000000	106.66113696
1402.00000000	109.57854810
1404.00000000	112.91877410
1406.00000000	116.26672239
1408.00000000	119.97222356
1410.00000000	124.11402644
1412.00000000	128.56510833
1414.00000000	132.98390439
1416.00000000	137.92342591
1418.00000000	142.93619879
1420.00000000	147.79416426
1422.00000000	153.20541969
1424.00000000	158.65241386
1426.00000000	164.13036585
1428.00000000	169.57920013
1430.00000000	174.65894344
1432.00000000	179.67366262
1434.00000000	184.29019140
1436.00000000	188.70589356
1438.00000000	192.45188220
1440.00000000	196.14577117
1442.00000000	198.79248329
1444.00000000	201.17846899
1446.00000000	203.14704804
1448.00000000	204.12819610
1450.00000000	204.14011695
1452.00000000	204.12590201
1454.00000000	202.95927758
1456.00000000	201.29949714
1458.00000000	199.00279622
1460.00000000	195.82691059
1462.00000000	192.78813511
1464.00000000	188.89103290
1466.00000000	184.69858469
1468.00000000	179.67611274
1470.00000000	174.86682206
1472.00000000	169.82314251
1474.00000000	164.45488785
1476.00000000	158.80179276
1478.00000000	153.62230167
1480.00000000	148.28840109
1482.00000000	143.05376955
1484.00000000	138.30656799
1486.00000000	133.54980221
1488.00000000	128.62543613
1490.00000000	124.76583326
1492.00000000	120.56248294
1494.00000000	116.85117364
1496.00000000	113.21027466
1498.00000000	110.16876981
1500.00000000	107.61921831
1502.00000000	104.91096594
1504.00000000	102.59496211
1506.00000000	100.56683180
1508.00000000	98.91119833
1510.00000000	97.48610253
1512.00000000	96.21812410
1514.00000000	94.89030132
1516.00000000	93.95179479
1518.00000000	93.07517183
1520.00000000	92.30426080
1522.00000000	91.84126703
1524.00000000	91.39431725
1526.00000000	91.20460566
1528.00000000	90.81396664
1530.00000000	90.59050716
1532.00000000	90.33847909
1534.00000000	90.12039010
1536.00000000	90.00272209
1538.00000000	89.80037831
1540.00000000	89.84499765
1542.00000000	89.54920444
1544.00000000	89.99325269
1546.00000000	89.80295931
1548.00000000	89.74516654
1550.00000000	89.68957502
1552.00000000	89.64992020
1554.00000000	89.77692074
1556.00000000	89.78334610
1558.00000000	90.01279734
1560.00000000	89.83698837
1562.00000000	89.80325370
1564.00000000	90.03379187
1566.00000000	89.99895460
1568.00000000	90.09885360
1570.00000000	89.88336879
1572.00000000	89.76741060
1574.00000000	89.82081347
1576.00000000	89.81442035
1578.00000000	90.11145657
1580.00000000	90.05736580
1582.00000000	90.25488956
1584.00000000	90.19579323
1586.00000000	90.27406188
1588.00000000	90.69959555
1590.00000000	90.83454189
1592.00000000	91.01093431
1594.00000000	91.28793230
1596.00000000	91.77555242
1598.00000000	92.31772207
1600.00000000	92.73611547
1602.00000000	93.49636889
1604.00000000	94.55533734
1606.00000000	95.62799152
1608.00000000	97.03603585
1610.00000000	98.62536494
1612.00000000	100.55483213
1614.00000000	102.74794579
1616.00000000	105.00078942
1618.00000000	107.43961258
1620.00000000	110.86251158
1622.00000000	113.76625370
1624.00000000	116.86328682
1626.00000000	120.63545673
1628.00000000	124.40555460
1630.00000000	128.05373283
1632.00000000	131.97412347
1634.00000000	135.62327916
1636.00000000	139.30940465
1638.00000000	142.06206383
1640.00000000	145.19330716
1642.00000000	147.66600824
1644.00000000	149.98328462
1646.00000000	151.36279189
1648.00000000	152.13363982
1650.00000000	152.60825036
1652.00000000	152.52507651
1654.00000000	151.33547567
1656.00000000	149.90098382
1658.00000000	148.02085916
1660.00000000	145.42896776
1662.00000000	142.74937540
1664.00000000	139.39102506
1666.00000000	136.07989612
1668.00000000	132.28747636
1670.00000000	128.50620894
1672.00000000	124.81065237
1674.00000000	121.21864417
1676.00000000	117.55339471
1678.00000000	114.48192194
1680.00000000	111.10130696
1682.00000000	108.32652273
1684.00000000	105.79627701
1686.00000000	103.62213393
1688.00000000	101.71507846
1690.00000000	99.73547740
1692.00000000	98.32058365
1694.00000000	97.01090739
1696.00000000	95.96165561
1698.00000000	95.13147211
1700.00000000	94.13109451
1702.00000000	93.76622762
1704.00000000	93.22075588
1706.00000000	93.14311691
1708.00000000	92.87957721
1710.00000000	92.35387938
1712.00000000	92.21119720
1714.00000000	92.45036115
1716.00000000	92.29520982
1718.00000000	92.03220682
1720.00000000	92.08870025
1722.00000000	92.10248756
1724.00000000	92.09484421
1726.00000000	92.13591457
1728.00000000	92.30344175
1730.00000000	92.03711425
1732.00000000	92.27505098
1734.00000000	92.05992901
1736.00000000	92.12058790
1738.00000000	92.11673613
1740.00000000	92.33198433
1742.00000000	92.59290020
1744.00000000	92.39635405
1746.00000000	92.47330327
1748.00000000	92.53057902
1750.00000000	92.51042563
1752.00000000	92.57142302
1754.00000000	92.58548323
1756.00000000	92.50541344
1758.00000000	92.61123588
1760.00000000	92.50386517
1762.00000000	92.74552895
1764.00000000	92.72530882
1766.00000000	92.75983702
1768.00000000	92.55058235
1770.00000000	92.89681523
1772.00000000	92.97236576
1774.00000000	93.07972058
1776.00000000	93.13884764
1778.00000000	93.04466015
1780.00000000	93.07465042
1782.00000000	93.09397337
1784.00000000	93.25635757
1786.00000000	93.10705784
1788.00000000	93.38158478
1790.00000000	93.43463844
1792.00000000	93.48999191
1794.00000000	93.18803936
1796.00000000	93.31834733
1798.00000000	93.45492152
1800.00000000	93.36747219
1802.00000000	93.30334787
1804.00000000	93.48526668
1806.00000000	93.55884114
1808.00000000	93.60827802
1810.00000000	93.67294611
1812.00000000	93.79063612
1814.00000000	93.58119819
1816.00000000	93.69915528
1818.00000000	93.72312049
1820.00000000	94.10936703
1822.00000000	93.93805580
1824.00000000	93.98329993
1826.00000000	94.07604444
1828.00000000	94.05998430
1830.00000000	94.02399952
1832.00000000	93.91754412
1834.00000000	94.17722960
1836.00000000	94.11876846
1838.00000000	94.10410939
1840.00000000	94.21050225
1842.00000000	94.20355180
1844.00000000	94.49518808
1846.00000000	94.53039897
1848.00000000	94.24388261
1850.00000000	94.58274253
1852.00000000	94.58915461
1854.00000000	94.53960347
1856.00000000	94.45015004
1858.00000000	94.56543730
1860.00000000	94.65040738
1862.00000000	94.67347029
1864.00000000	94.77698350
1866.00000000	94.65658531
1868.00000000	94.78008562
1870.00000000	94.91608185
1872.00000000	94.85934901
1874.00000000	94.80571497
1876.00000000	95.07580052
1878.00000000	94.99693603
1880.00000000	95.35518156
1882.00000000	95.10306370
1884.00000000	95.04933214
1886.00000000	95.39205530
1888.00000000	95.34774508
1890.00000000	95.57080832
1892.00000000	95.30553209
1894.00000000	95.47509680
1896.00000000	95.66607806
1898.00000000	95.46233835
1900.00000000	95.49964272
1902.00000000	95.85210692
1904.00000000	95.62783679
1906.00000000	95.72615032
1908.00000000	95.55539688
1910.00000000	95.85576985
1912.00000000	95.72818526
1914.00000000	96.08267325
1916.00000000	96.06070116
1918.00000000	96.23572560
1920.00000000	96.09569191
1922.00000000	96.05063084
1924.00000000	96.24212291
1926.00000000	96.19366684
1928.00000000	95.94790737
1930.00000000	96.32663773
1932.00000000	96.36496133
1934.00000000	96.29667481
1936.00000000	96.67198676
1938.00000000	96.26355166
1940.00000000	96.41578815
1942.00000000	96.56196308
1944.00000000	96.66673283
1946.00000000	96.40766559
1948.00000000	96.73100158
1950.00000000	96.95739167
1952.00000000	96.96160245
1954.00000000	96.94784886
1956.00000000	96.96984358
1958.00000000	97.05551876
1960.00000000	97.07971066
1962.00000000	96.79024497
1964.00000000	97.00980367
1966.00000000	97.19710503
1968.00000000	97.22628022
1970.00000000	97.43186945
1972.00000000	97.43876912
1974.00000000	97.43269403
1976.00000000	97.22657724
1978.00000000	97.57616179
1980.00000000	97.59074432
1982.00000000	97.71605920
1984.00000000	97.68837344
1986.00000000	97.95461572
1988.00000000	98.06295949
1990.00000000	97.93371650
1992.00000000	97.75260372
1994.00000000	97.96107505
1996.00000000	97.85192064
1998.00000000	97.71474633
2000.00000000	98.20119554
2002.00000000	97.97851427
2004.00000000	98.28446721
2006.00000000	98.33568451
2008.00000000	98.12107284
2010.00000000	98.38750867
2012.00000000	98.31860194
2014.00000000	98.19877379
2016.00000000	98.41556127
2018.00000000	98.55580957
2020.00000000	98.37930176
2022.00000000	98.55418239
2024.00000000	98.73359550
2026.00000000	98.71103175
2028.00000000	98.89396825
2030.00000000	98.81159107
2032.00000000	98.65814065
2034.00000000	99.12638646
2036.00000000	98.87051334
2038.00000000	99.20963867
2040.00000000	98.86321707
2042.00000000	99.22900815
2044.00000000	99.22284531
2046.00000000	99.11894390
2048.00000000	99.43132078
2050.00000000	99.10016490
2052.00000000	99.39880323
2054.00000000	99.34576670
2056.00000000	99.48542628
2058.00000000	99.39475846
2060.00000000	99.65866730
2062.00000000	99.68263106
2064.00000000	99.87145623
2066.00000000	99.75845477
2068.00000000	99.82131750
2070.00000000	99.83466730
2072.00000000	99.81409359
2074.00000000	99.92195187
2076.00000000	100.18059914
2078.00000000	100.29535497
2080.00000000	100.15300193
2082.00000000	100.27369286
2084.00000000	100.24430786
2086.00000000	100.32354065
2088.00000000	100.14410558
2090.00000000	100.61763368
2092.00000000	100.47967258
2094.00000000	100.58800915
2096.00000000	100.65417461
2098.00000000	100.59733801
2100.00000000	100.78123958
2102.00000000	100.78507564
2104.00000000	100.92661432
2106.00000000	100.92842240
2108.00000000	101.19054808
2110.00000000	101.13675132
2112.00000000	101.10571360
2114.00000000	101.22725981
2116.00000000	101.59023873
2118.00000000	101.57882670
2120.00000000	101.49566708
2122.00000000	101.57446382
2124.00000000	102.17735142
2126.00000000	102.18237983
2128.00000000	102.45781373
2130.00000000	102.43501575
2132.00000000	102.95320148
2134.00000000	103.01176426
2136.00000000	103.04725868
2138.00000000	103.45475604
2140.00000000	103.89315640
2142.00000000	104.20524281
2144.00000000	104.62333433
2146.00000000	104.85228312
2148.00000000	105.45423970
2150.00000000	106.21982912
2152.00000000	106.71228461
2154.00000000	107.32631682
2156.00000000	108.21933295
2158.00000000	108.95182501
2160.00000000	109.70042263
2162.00000000	110.63618451
2164.00000000	111.82152280
2166.00000000	112.56976522
2168.00000000	113.83118587
2170.00000000	115.04524395
2172.00000000	116.36551285
2174.00000000	117.95178031
2176.00000000	119.51217424
2178.00000000	121.10867792
2180.00000000	122.81000449
2182.00000000	124.80814732
2184.00000000	126.77818362
2186.00000000	128.67637278
2188.00000000	130.81553182
2190.00000000	133.08809378
2192.00000000	135.37953823
2194.00000000	138.07702599
2196.00000000	140.47473858
2198.00000000	143.09580856
2200.00000000	145.63456664
2202.00000000	148.22196123
2204.00000000	151.18282170
2206.00000000	154.05723994
2208.00000000	156.97528528
2210.00000000	159.74016909
2212.00000000	162.56931180
2214.00000000	165.51023410
2216.00000000	168.13504407
2218.00000000	171.27797469
2220.00000000	174.03498235
2222.00000000	176.43856190
2224.00000000	179.01722389
2226.00000000	181.35968567
2228.00000000	183.78115159
2230.00000000	185.99905493
2232.00000000	187.87995178
2234.00000000	189.84216874
2236.00000000	191.45387693
2238.00000000	192.80404849
2240.00000000	194.37520171
2242.00000000	195.29687345
2244.00000000	196.07928031
2246.00000000	196.86621133
2248.00000000	197.12163719
2250.00000000	197.44253654
2252.00000000	197.11467836
2254.00000000	196.95025737
2256.00000000	196.34536373
2258.00000000	195.72268208
2260.00000000	194.90101693
2262.00000000	193.50484016
2264.00000000	192.09910946
2266.00000000	190.75643273
2268.00000000	188.80973259
2270.00000000	187.25380833
2272.00000000	184.90938822
2274.00000000	182.45861794
2276.00000000	180.36900497
2278.00000000	177.87499868
2280.00000000	175.43452396
2282.00000000	172.75948352
2284.00000000	170.22640845
2286.00000000	167.36564954
2288.00000000	164.49282910
2290.00000000	161.95138929
2292.00000000	159.15888591
2294.00000000	156.42102555
2296.00000000	153.88036397
2298.00000000	151.03876333
2300.00000000	148.30881378
2302.00000000	145.79098149
2304.00000000	143.19106668
2306.00000000	140.94541889
2308.00000000	138.50481430
2310.00000000	136.27245501
2312.00000000	134.07151150
2314.00000000	132.11490585
2316.00000000	130.19970185
2318.00000000	128.11682192
2320.00000000	126.53902666
2322.00000000	124.81667215
2324.00000000	123.22983772
2326.00000000	121.83872413
2328.00000000	120.30161110
2330.00000000	119.13002333
2332.00000000	117.93657475
2334.00000000	117.10684781
2336.00000000	116.00291330
2338.00000000	115.09587607
2340.00000000	114.24968869
2342.00000000	113.53253618
2344.00000000	112.78399407
2346.00000000	112.45592661
2348.00000000	111.74700158
2350.00000000	111.21288628
2352.00000000	110.84424924
2354.00000000	110.43022572
2356.00000000	110.17931615
2358.00000000	109.71415367
2360.00000000	109.56962933
2362.00000000	109.28400384
2364.00000000	109.09161722
2366.00000000	108.86903593
2368.00000000	108.79908752
2370.00000000	108.52531926
2372.00000000	108.67647467
2374.00000000	108.43277332
2376.00000000	108.54960666
2378.00000000	108.40938712
2380.00000000	108.41547021
2382.00000000	108.43208740
2384.00000000	108.20927989
2386.00000000	108.45719501
2388.00000000	108.31022937
2390.00000000	108.32953326
2392.00000000	108.39533195
2394.00000000	108.35420880
2396.00000000	108.33893071
2398.00000000	108.18621738
2400.00000000	108.71007615
2402.00000000	108.35475460
2404.00000000	108.43268271
2406.00000000	108.55115977
2408.00000000	108.61080296
2410.00000000	108.65265307
2412.00000000	108.43769016
2414.00000000	108.62659613
2416.00000000	108.51190864
2418.00000000	108.48934129
2420.00000000	108.69425316
2422.00000000	108.75617663
2424.00000000	108.93228128
2426.00000000	108.99164522
2428.00000000	108.81113941
2430.00000000	108.78550405
2432.00000000	108.99367870
2434.00000000	109.09200398
2436.00000000	109.03445133
2438.00000000	109.03216106
2440.00000000	109.34607664
2442.00000000	109.01222284
2444.00000000	109.28196799
2446.00000000	109.21694182
2448.00000000	109.32470345
2450.00000000	109.47148189
2452.00000000	109.47823501
2454.00000000	109.45557033
2456.00000000	109.51022623
2458.00000000	109.46414606
2460.00000000	109.41423531
2462.00000000	109.49714157
2464.00000000	109.71663025
2466.00000000	109.74503091
2468.00000000	110.00220198
2470.00000000	109.76989766
2472.00000000	109.84795623
2474.00000000	109.73533697
2476.00000000	109.95336469
2478.00000000	109.81469685
2480.00000000	109.92572387
2482.00000000	110.16175842
2484.00000000	110.22766366
2486.00000000	110.16207956
2488.00000000	110.20978418
2490.00000000	110.14746640
2492.00000000	110.35481420
2494.00000000	110.27406136
2496.00000000	110.33399167
2498.00000000	110.29338544
2500.00000000	110.44426296
2502.00000000	110.48659807
2504.00000000	110.59761952
2506.00000000	110.27377160
2508.00000000	110.60636302
2510.00000000	110.43049172
2512.00000000	110.64386756
2514.00000000	110.70012529
2516.00000000	110.83611370
2518.00000000	110.66442721
2520.00000000	110.58506058
2522.00000000	110.80859330
2524.00000000	110.59506144
2526.00000000	111.07713175
2528.00000000	110.98659840
2530.00000000	111.08333109
2532.00000000	111.11959918
2534.00000000	110.92714544
2536.00000000	111.12835420
2538.00000000	110.82504635
2540.00000000	110.98455407
2542.00000000	111.15786884
2544.00000000	111.20594609
2546.00000000	111.16139582
2548.00000000	111.30825034
2550.00000000	111.33559897
2552.00000000	111.27359380
2554.00000000	111.42233915
2556.00000000	111.32670118
2558.00000000	111.46665287
2560.00000000	111.40931584
2562.00000000	111.44573903
2564.00000000	111.33728071
2566.00000000	111.65610782
2568.00000000	111.63722008
2570.00000000	111.73232960
2572.00000000	111.52588585
2574.00000000	111.53455981
2576.00000000	111.91011379
2578.00000000	111.70906293
2580.00000000	111.77157598
2582.00000000	111.89444765
2584.00000000	111.90912072
2586.00000000	111.96819115
2588.00000000	111.76171322
2590.00000000	111.70874318
2592.00000000	111.85477102
2594.00000000	112.04296170
2596.00000000	111.91750757
2598.00000000	112.12405082
2600.00000000	112.00250824
2602.00000000	112.07362233
2604.00000000	112.09404984
2606.00000000	112.14215383
2608.00000000	112.25303116
2610.00000000	112.33745376
2612.00000000	112.19141589
2614.00000000	112.48962352
2616.00000000	112.15328644
2618.00000000	112.37359909
2620.00000000	112.28104588
2622.00000000	112.37044879
2624.00000000	112.39519830
2626.00000000	112.38999328
2628.00000000	112.50093443
2630.00000000	112.43652235
2632.00000000	112.41363815
2634.00000000	112.77025682
2636.00000000	112.69988502
2638.00000000	112.81647932
2640.00000000	112.73651930
2642.00000000	112.37338109
2644.00000000	112.67204561
2646.00000000	112.78334463
2648.00000000	112.84377954
2650.00000000	112.90348714
2652.00000000	112.79213099
2654.00000000	112.86548018
2656.00000000	112.90738470
2658.00000000	113.05674331
2660.00000000	112.98498790
2662.00000000	112.93674875
2664.00000000	113.09021189
2666.00000000	113.10076704
2668.00000000	113.11420272
2670.00000000	112.88130731
2672.00000000	113.02682383
2674.00000000	112.77116232
2676.00000000	113.14351187
2678.00000000	113.30155236
2680.00000000	113.28414921
2682.00000000	113.33365845
2684.00000000	113.35179503
2686.00000000	113.12286516
2688.00000000	113.24931262
2690.00000000	113.19804917
2692.00000000	113.26112974
2694.00000000	113.40466966
2696.00000000	113.54953544
2698.00000000	113.52795820
2700.00000000	113.44659317
2702.00000000	113.47495804
2704.00000000	113.28098395
2706.00000000	113.64526108
2708.00000000	113.63026844
2710.00000000	113.33146527
2712.00000000	113.36723655
2714.00000000	113.43835284
2716.00000000	113.53479985
2718.00000000	113.69912604
2720.00000000	113.50180656
2722.00000000	113.75678546
2724.00000000	113.58306870
2726.00000000	113.51466517
2728.00000000	113.87854494
2730.00000000	113.88892126
2732.00000000	113.89484348
2734.00000000	113.90357264
2736.00000000	113.87093694
2738.00000000	113.97214073
2740.00000000	114.06292904
2742.00000000	114.03916870
2744.00000000	114.47211147
2746.00000000	114.14652331
2748.00000000	114.24095871
2750.00000000	114.36352648
2752.00000000	114.53262794
2754.00000000	114.42129084
2756.00000000	114.89115379
2758.00000000	114.95551401
2760.00000000	114.63562650
2762.00000000	115.09955490
2764.00000000	115.34928581
2766.00000000	115.51258780
2768.00000000	115.60053473
2770.00000000	115.72997723
2772.00000000	115.85324546
2774.00000000	116.43161401
2776.00000000	116.52937244
2778.00000000	116.93880239
2780.00000000	116.96077218
2782.00000000	117.34899454
2784.00000000	117.89977309
2786.00000000	118.14568542
2788.00000000	118.37225394
2790.00000000	119.04308528
2792.00000000	119.40443262
2794.00000000	120.02362688
2796.00000000	120.47913671
2798.00000000	120.95217896
2800.00000000	121.83299347
2802.00000000	122.55214560
2804.00000000	123.11072855
2806.00000000	123.91172993
2808.00000000	124.67586733
2810.00000000	125.64721623
2812.00000000	126.75494973
2814.00000000	127.76439153
2816.00000000	128.75529799
2818.00000000	130.13339552
2820.00000000	131.06871170
2822.00000000	132.52485789
2824.00000000	133.51944695
2826.00000000	135.17561848
2828.00000000	136.60290424
2830.00000000	137.96350853
2832.00000000	139.69557501
2834.00000000	141.40349026
2836.00000000	143.03621639
2838.00000000	145.17007884
2840.00000000	146.73953656
2842.00000000	149.03342347
2844.00000000	150.94721472
2846.00000000	152.84068479
2848.00000000	155.15061482
2850.00000000	157.54052889
2852.00000000	159.84748625
2854.00000000	162.07661486
2856.00000000	164.32339683
2858.00000000	167.04830011
2860.00000000	169.70102083
2862.00000000	172.08126846
2864.00000000	174.64601515
2866.00000000	177.24458565
2868.00000000	180.04563427
2870.00000000	182.89888826
2872.00000000	185.58782243
2874.00000000	188.11648342
2876.00000000	190.98528490
2878.00000000	193.46423083
2880.00000000	196.35389306
2882.00000000	198.97205453
2884.00000000	201.76340026
2886.00000000	204.46320552
2888.00000000	206.98345438
2890.00000000	209.54933424
2892.00000000	211.96896565
2894.00000000	214.44373569
2896.00000000	216.81977700
2898.00000000	218.87645737
2900.00000000	221.47689531
2902.00000000	223.18375505
2904.00000000	225.24061875
2906.00000000	227.38742099
2908.00000000	228.97146155
2910.00000000	230.67064946
2912.00000000	231.74094794
2914.00000000	233.38073160
2916.00000000	234.34808884
2918.00000000	235.37286023
2920.00000000	236.21546867
2922.00000000	237.03346298
2924.00000000	237.63738181
2926.00000000	238.00594350
2928.00000000	238.28721842
2930.00000000	238.18771999
2932.00000000	238.33642047
2934.00000000	237.79633313
2936.00000000	237.77662054
2938.00000000	237.12986450
2940.00000000	236.39289112
2942.00000000	235.58317434
2944.00000000	234.52303081
2946.00000000	233.41424935
2948.00000000	232.03648451
2950.00000000	230.51262715
2952.00000000	228.74599902
2954.00000000	227.16779514
2956.00000000	225.01224670
2958.00000000	223.60511442
2960.00000000	221.44740183
2962.00000000	219.21273687
2964.00000000	216.93005942
2966.00000000	214.61254963
2968.00000000	212.08609265
2970.00000000	209.81037983
2972.00000000	207.35869957
2974.00000000	204.39563888
2976.00000000	202.05137347
2978.00000000	199.40296463
2980.00000000	196.66264035
2982.00000000	193.71470251
2984.00000000	191.22360483
2986.00000000	188.48548888
2988.00000000	185.76092810
2990.00000000	182.93036141
2992.00000000	180.20837023
2994.00000000	177.67738089
2996.00000000	175.20628246
2998.00000000	172.20432275
3000.00000000	169.61999737
3002.00000000	167.35311292
3004.00000000	164.77139438
3006.00000000	162.31791132
3008.00000000	160.00563055
3010.00000000	157.69710510
3012.00000000	155.51322401
3014.00000000	153.32584426
3016.00000000	151.33068043
3018.00000000	149.17151802
3020.00000000	147.47964924
3022.00000000	145.30741179
3024.00000000	143.36216333
3026.00000000	141.83261981
3028.00000000	139.89085701
3030.00000000	138.51224953
3032.00000000	137.02506952
3034.00000000	135.41010353
3036.00000000	133.87897916
3038.00000000	132.73868223
3040.00000000	131.60945961
3042.00000000	130.40986314
3044.00000000	128.88047016
3046.00000000	128.26438050
3048.00000000	127.43349870
3050.00000000	126.18054897
3052.00000000	125.48293446
3054.00000000	124.60722970
3056.00000000	123.51241785
3058.00000000	122.97162222
3060.00000000	122.49733304
3062.00000000	121.71952607
3064.00000000	121.14258633
3066.00000000	120.48329847
3068.00000000	120.08512936
3070.00000000	119.72714529
3072.00000000	119.37518295
3074.00000000	118.85420047
3076.00000000	118.36250911
3078.00000000	117.96241192
3080.00000000	117.70648042
3082.00000000	117.26839946
3084.00000000	117.25291295
3086.00000000	116.81665138
3088.00000000	116.65762244
3090.00000000	116.24256405
3092.00000000	116.28903807
3094.00000000	116.35795205
3096.00000000	115.92101455
3098.00000000	115.68458490
3100.00000000	115.48219493
3102.00000000	115.72896041
3104.00000000	115.41302541
3106.00000000	115.34887298
3108.00000000	115.51163083
3110.00000000	115.21571196
3112.00000000	115.13430504
3114.00000000	115.27471682
3116.00000000	115.08641538
3118.00000000	115.01060276
3120.00000000	114.76426354
3122.00000000	114.97402539
3124.00000000	115.02766091
3126.00000000	114.78828102
3128.00000000	114.88540115
3130.00000000	114.62843110
3132.00000000	114.77513148
3134.00000000	114.78793775
3136.00000000	114.71417398
3138.00000000	114.78700400
3140.00000000	114.81475951
3142.00000000	114.84748244
3144.00000000	114.76968040
3146.00000000	114.51716054
3148.00000000	114.74763022
3150.00000000	114.49553001
3152.00000000	114.61160349
3154.00000000	114.67142190
3156.00000000	114.55371534
3158.00000000	114.62607650
3160.00000000	114.60948824
3162.00000000	114.67547041
3164.00000000	114.37087938
3166.00000000	114.59678995
3168.00000000	114.50938810
3170.00000000	114.67212351
3172.00000000	114.65427241
3174.00000000	114.73527370
3176.00000000	114.67526747
3178.00000000	114.49842708
3180.00000000	114.59849090
3182.00000000	114.56465618
3184.00000000	114.51753514
3186.00000000	114.29438591
3188.00000000	114.40036052
3190.00000000	114.46876041
3192.00000000	114.52203692
3194.00000000	114.52450318
3196.00000000	114.16533657
3198.00000000	114.46657233
3200.00000000	114.26407286
3202.00000000	114.50375392
3204.00000000	114.53729174
3206.00000000	114.35907747
3208.00000000	114.58756492
3210.00000000	114.40883904
3212.00000000	114.47854379
3214.00000000	114.36148208
3216.00000000	114.25518872
3218.00000000	114.44222603
3220.00000000	114.30055907
3222.00000000	114.32314154
3224.00000000	114.62808866
3226.00000000	114.36361993
3228.00000000	114.50274084
3230.00000000	114.37580935
3232.00000000	114.41934131
3234.00000000	114.31582722
3236.00000000	114.49054394
3238.00000000	114.21502107
3240.00000000	114.41109981
3242.00000000	114.56286151
3244.00000000	114.44654658
3246.00000000	114.46763374
3248.00000000	114.33573134
3250.00000000	114.31701904
3252.00000000	114.22159689
3254.00000000	114.29973838
3256.00000000	114.19396729
3258.00000000	114.20601383
3260.00000000	114.30494428
3262.00000000	114.20248186
3264.00000000	114.34160674
3266.00000000	114.28621965
3268.00000000	114.05629144
3270.00000000	114.23193883
3272.00000000	114.49401541
3274.00000000	114.42452425
3276.00000000	114.24145601
3278.00000000	114.38343969
3280.00000000	114.34831455
3282.00000000	114.59197125
3284.00000000	114.19151557
3286.00000000	114.38239580
3288.00000000	114.17866713
3290.00000000	114.29549655
3292.00000000	114.38343114
3294.00000000	114.18059893
3296.00000000	114.10218003
3298.00000000	114.38200218
3300.00000000	114.21798085
