500.00000000	86.94227240
502.00000000	87.06783451
504.00000000	87.08056577
506.00000000	87.25328487
508.00000000	87.19652320
510.00000000	87.14941921
512.00000000	87.10249333
514.00000000	87.13040775
516.00000000	87.48224347
518.00000000	87.12064326
520.00000000	87.40746933
522.00000000	87.29494466
524.00000000	87.36885972
526.00000000	87.22529267
528.00000000	87.31444487
530.00000000	87.33109548
532.00000000	87.41365932
534.00000000	87.40619584
536.00000000	87.42963985
538.00000000	87.43107615
540.00000000	87.38765637
542.00000000	87.57643721
544.00000000	87.56872985
546.00000000	87.67778768
548.00000000	87.60330445
550.00000000	87.52889400
552.00000000	87.42108932
554.00000000	87.63261109
556.00000000	87.55212047
558.00000000	87.68858777
560.00000000	87.83771003
562.00000000	87.71024971
564.00000000	87.82354660
566.00000000	87.77238928
568.00000000	87.88728838
570.00000000	87.76427168
572.00000000	87.75401393
574.00000000	87.75169065
576.00000000	88.10609679
578.00000000	87.78125432
580.00000000	87.84007113
582.00000000	88.03895781
584.00000000	88.04932595
586.00000000	87.84254611
588.00000000	87.91667658
590.00000000	88.17280392
592.00000000	88.01068170
594.00000000	87.86004819
596.00000000	88.05292601
598.00000000	87.88649375
600.00000000	88.20741048
602.00000000	88.17063130
604.00000000	88.12811940
606.00000000	88.38646972
608.00000000	88.17761110
610.00000000	88.10745807
612.00000000	88.24711857
614.00000000	88.25439095
616.00000000	88.09820719
618.00000000	88.34679739
620.00000000	88.19364006
622.00000000	88.38520746
624.00000000	88.16573434
626.00000000	88.39132604
628.00000000	88.47605451
630.00000000	88.28290067
632.00000000	88.30731282
634.00000000	88.38963110
636.00000000	88.28488307
638.00000000	88.30193630
640.00000000	88.38007450
642.00000000	88.52909539
644.00000000	88.59987067
646.00000000	88.55133524
648.00000000	88.55637729
650.00000000	88.48137620
652.00000000	88.58656826
654.00000000	88.50586188
656.00000000	88.56234828
658.00000000	88.74259384
660.00000000	88.66786527
662.00000000	88.35280761
664.00000000	88.67164028
666.00000000	88.53924392
668.00000000	88.75114252
670.00000000	88.53468099
672.00000000	88.70233237
674.00000000	88.69207267
676.00000000	88.56318185
678.00000000	88.68058549
680.00000000	88.66774485
682.00000000	88.81000323
684.00000000	89.04907003
686.00000000	89.22904691
688.00000000	89.63782500
690.00000000	89.88391484
692.00000000	90.78534363
694.00000000	91.85789557
696.00000000	93.26158654
698.00000000	94.54086341
700.00000000	96.97773120
702.00000000	99.64478959
704.00000000	103.06871601
706.00000000	107.22803919
708.00000000	112.26300806
710.00000000	117.70380840
712.00000000	124.04163553
714.00000000	130.54833021
716.00000000	137.56986697
718.00000000	144.56459571
720.00000000	151.25981257
722.00000000	157.22297693
724.00000000	162.15233922
726.00000000	166.35948137
728.00000000	168.49123971
730.00000000	169.43905377
732.00000000	168.53819574
734.00000000	166.16830681
736.00000000	162.19059705
738.00000000	157.35133994
740.00000000	151.23849330
742.00000000	144.65213003
744.00000000	137.61405847
746.00000000	130.95732073
748.00000000	124.11783205
750.00000000	117.95241808
752.00000000	112.36716527
754.00000000	107.48900816
756.00000000	103.38895183
758.00000000	99.81254540
760.00000000	97.12755570
762.00000000	94.94916993
764.00000000	93.28243996
766.00000000	91.76521339
768.00000000	91.05248425
770.00000000	90.36195669
772.00000000	89.76600856
774.00000000	89.62574582
776.00000000	89.61079562
778.00000000	89.37643589
780.00000000	89.35428105
782.00000000	89.28731651
784.00000000	89.30744322
786.00000000	89.20025740
788.00000000	89.22063094
790.00000000	89.11565443
792.00000000	89.27814168
794.00000000	89.20068584
796.00000000	89.24977303
798.00000000	89.00913412
800.00000000	89.25494005
802.00000000	89.16961253
804.00000000	89.31196988
806.00000000	89.14406790
808.00000000	88.85635971
810.00000000	89.22106413
812.00000000	89.08497314
814.00000000	89.10857011
816.00000000	88.95315042
818.00000000	89.21153726
820.00000000	89.16677228
822.00000000	89.24205471
824.00000000	89.15156003
826.00000000	88.92638547
828.00000000	89.23285945
830.00000000	89.21555516
832.00000000	89.08715813
834.00000000	89.26387042
836.00000000	88.87273955
838.00000000	89.09867765
840.00000000	89.04825521
842.00000000	89.01622950
844.00000000	89.18044824
846.00000000	89.13049459
848.00000000	89.29327583
850.00000000	89.09615674
852.00000000	89.19208193
854.00000000	88.87844021
856.00000000	89.18334965
858.00000000	89.12072748
860.00000000	89.23838668
862.00000000	89.24093935
864.00000000	89.12085847
866.00000000	89.10008353
868.00000000	89.06050372
870.00000000	89.52058741
872.00000000	89.21444821
874.00000000	89.28796215
876.00000000	89.17065843
878.00000000	89.06261352
880.00000000	89.30099419
882.00000000	88.99668416
884.00000000	89.27473425
886.00000000	89.13727608
888.00000000	89.04959503
890.00000000	89.17394994
892.00000000	88.98505114
894.00000000	89.17103590
896.00000000	89.45016957
898.00000000	89.24748643
900.00000000	89.28132947
902.00000000	89.17493813
904.00000000	89.11217438
906.00000000	89.05309882
908.00000000	89.10181847
910.00000000	89.36191626
912.00000000	89.15417274
914.00000000	89.25961587
916.00000000	89.31946781
918.00000000	89.08445735
920.00000000	89.37557590
922.00000000	89.35124451
924.00000000	89.20472939
926.00000000	89.53770239
928.00000000	89.72490719
930.00000000	89.83076230
932.00000000	89.98877211
934.00000000	90.24042250
936.00000000	90.34213549
938.00000000	90.79627797
940.00000000	91.56319453
942.00000000	92.09226531
944.00000000	92.79116453
946.00000000	93.82509691
948.00000000	94.99997768
950.00000000	96.65445131
952.00000000	98.40549356
954.00000000	99.95348938
956.00000000	102.14117055
958.00000000	104.54493080
960.00000000	107.83310906
962.00000000	111.13336272
964.00000000	114.70315861
966.00000000	118.56221441
968.00000000	123.18889602
970.00000000	127.87788685
972.00000000	132.55199473
974.00000000	137.74386036
976.00000000	143.20418515
978.00000000	148.34586864
980.00000000	153.70182259
982.00000000	158.99319254
984.00000000	164.28299786
986.00000000	169.04514996
988.00000000	173.24863750
990.00000000	177.46143556
992.00000000	180.47179971
994.00000000	183.19170184
996.00000000	185.35749270
998.00000000	186.42879811
1000.00000000	186.79988059
1002.00000000	186.40060478
1004.00000000	185.40906773
1006.00000000	183.41187079
1008.00000000	180.22651562
1010.00000000	177.19983518
1012.00000000	173.32072288
1014.00000000	168.78095205
1016.00000000	163.80027070
1018.00000000	158.90645860
1020.00000000	153.66996311
1022.00000000	148.24348249
1024.00000000	142.88688500
1026.00000000	137.70215707
1028.00000000	132.40497152
1030.00000000	127.51789225
1032.00000000	122.89387558
1034.00000000	118.54865298
1036.00000000	114.52165503
1038.00000000	110.93728623
1040.00000000	107.74493771
1042.00000000	104.72707871
1044.00000000	101.82056185
1046.00000000	99.95754383
1048.00000000	98.14204082
1050.00000000	96.20253267
1052.00000000	94.72870347
1054.00000000	93.54774915
1056.00000000	92.82438020
1058.00000000	91.89360233
1060.00000000	91.10314057
1062.00000000	90.55180122
1064.00000000	90.38137374
1066.00000000	90.18750074
1068.00000000	89.60094684
1070.00000000	89.53059766
1072.00000000	89.35964515
1074.00000000	89.09385865
1076.00000000	89.01798896
1078.00000000	88.89909113
1080.00000000	88.81827547
1082.00000000	88.78540007
1084.00000000	88.96707076
1086.00000000	88.75479748
1088.00000000	88.74685956
1090.00000000	88.63767382
1092.00000000	88.84198696
1094.00000000	88.88243557
1096.00000000	88.78767583
1098.00000000	88.89289826
1100.00000000	88.63196731
1102.00000000	88.82256099
1104.00000000	88.69830953
1106.00000000	88.54759954
1108.00000000	88.72079874
1110.00000000	88.69551384
1112.00000000	88.67560124
1114.00000000	88.74645994
1116.00000000	88.82038627
1118.00000000	88.92302129
1120.00000000	88.72868583
1122.00000000	88.47561570
1124.00000000	88.63948120
1126.00000000	88.70519726
1128.00000000	88.59837584
1130.00000000	88.69083926
1132.00000000	88.61984060
1134.00000000	88.76807936
1136.00000000	88.40810228
1138.00000000	88.59289063
1140.00000000	88.66927593
1142.00000000	88.79335042
1144.00000000	88.56638817
1146.00000000	88.50205240
1148.00000000	88.67007114
1150.00000000	88.40086429
1152.00000000	88.44694040
1154.00000000	88.56403846
1156.00000000	88.46139282
1158.00000000	88.59209374
1160.00000000	88.85810127
1162.00000000	88.57809447
1164.00000000	88.46213046
1166.00000000	88.74552380
1168.00000000	88.46029645
1170.00000000	88.62968026
1172.00000000	88.70545143
1174.00000000	88.62441297
1176.00000000	88.53359882
1178.00000000	88.53502581
1180.00000000	88.59151382
1182.00000000	88.64283984
1184.00000000	88.52769404
1186.00000000	88.46477111
1188.00000000	88.59965981
1190.00000000	88.67769506
1192.00000000	88.74110236
1194.00000000	88.64577524
1196.00000000	88.58573079
1198.00000000	88.49005624
1200.00000000	88.27853733
1202.00000000	88.46588323
1204.00000000	88.44697872
1206.00000000	88.41894249
1208.00000000	88.67587997
1210.00000000	88.48265366
1212.00000000	88.51682096
1214.00000000	88.26959492
1216.00000000	88.56736082
1218.00000000	88.48929077
1220.00000000	88.53475561
1222.00000000	88.72546594
1224.00000000	88.44048874
1226.00000000	88.44543284
1228.00000000	88.53346312
1230.00000000	88.55418759
1232.00000000	88.43355813
1234.00000000	88.39451627
1236.00000000	88.68859740
1238.00000000	88.75522676
1240.00000000	88.72186424
1242.00000000	88.63524544
1244.00000000	88.56459563
1246.00000000	88.50707389
1248.00000000	88.40249214
1250.00000000	88.53023506
1252.00000000	88.26923496
1254.00000000	88.46395864
1256.00000000	88.68169867
1258.00000000	88.47037056
1260.00000000	88.23796120
1262.00000000	88.29496779
1264.00000000	88.30884635
1266.00000000	88.73351956
1268.00000000	88.49466374
1270.00000000	88.38499613
1272.00000000	88.42070961
1274.00000000	88.49624778
1276.00000000	88.58304781
1278.00000000	88.58668510
1280.00000000	88.48646088
1282.00000000	88.37934372
1284.00000000	88.28673134
1286.00000000	88.48891353
1288.00000000	88.21549841
1290.00000000	88.38638650
1292.00000000	88.62196029
1294.00000000	88.40026402
1296.00000000	88.42437259
1298.00000000	88.43783459
1300.00000000	88.50828403
1302.00000000	88.65744585
1304.00000000	88.45459884
1306.00000000	88.31184102
1308.00000000	88.47647424
1310.00000000	88.33966639
1312.00000000	88.51212848
1314.00000000	88.62393957
1316.00000000	88.70333863
1318.00000000	88.51867036
1320.00000000	88.37118157
1322.00000000	88.10939436
1324.00000000	88.56135946
1326.00000000	88.58371538
1328.00000000	88.35324898
1330.00000000	88.49010519
1332.00000000	88.60524958
1334.00000000	88.50281188
1336.00000000	88.40798708
1338.00000000	88.30425824
1340.00000000	88.64468723
1342.00000000	88.65590264
1344.00000000	88.51249640
1346.00000000	88.76273884
1348.00000000	88.42941370
1350.00000000	88.74855530
1352.00000000	88.73779515
1354.00000000	88.82689804
1356.00000000	88.80855843
1358.00000000	88.71145998
1360.00000000	88.77234751
1362.00000000	89.11671412
1364.00000000	89.11614279
1366.00000000	89.26830162
1368.00000000	89.42506521
1370.00000000	89.48357455
1372.00000000	89.66322969
1374.00000000	90.26085621
1376.00000000	90.57128913
1378.00000000	91.06013729
1380.00000000	91.74089741
1382.00000000	92.34638695
1384.00000000	93.18528240
1386.00000000	94.04449845
1388.00000000	95.45920428
1390.00000000	96.69009245
1392.00000000	98.26758339
1394.00000000	99.90021927
1396.00000000	101.98131415
1398.00000000	104.23683109
1400.00000000	106.63812664
1402.00000000	109.39960519
1404.00000000	112.90173606
1406.00000000	116.05604163
1408.00000000	119.98784629
1410.00000000	124.09492069
1412.00000000	128.49592883
1414.00000000	132.91952744
1416.00000000	137.63830711
1418.00000000	143.00388873
1420.00000000	148.03638624
1422.00000000	153.43956479
1424.00000000	158.86443787
1426.00000000	163.97988472
1428.00000000	169.21182071
1430.00000000	174.83315226
1432.00000000	179.61458161
1434.00000000	184.19009276
1436.00000000	188.54079321
1438.00000000	192.27837439
1440.00000000	195.99315865
1442.00000000	198.84296783
1444.00000000	201.21539507
1446.00000000	202.88940851
1448.00000000	203.91954750
1450.00000000	204.23160408
1452.00000000	203.91116277
1454.00000000	203.02460800
1456.00000000	201.28184121
1458.00000000	198.96624407
1460.00000000	196.13720182
1462.00000000	192.55751403
1464.00000000	188.66474801
1466.00000000	184.44075937
1468.00000000	179.93571766
1470.00000000	174.86095183
1472.00000000	169.46965306
1474.00000000	164.35209828
1476.00000000	159.11735102
1478.00000000	153.65520791
1480.00000000	148.18946254
1482.00000000	143.23133753
1484.00000000	138.03665759
1486.00000000	133.29610320
1488.00000000	128.74969516
1490.00000000	124.30891608
1492.00000000	120.43107124
1494.00000000	116.84889497
1496.00000000	113.20105068
1498.00000000	110.18446210
1500.00000000	107.35133036
1502.00000000	104.88694585
1504.00000000	102.49179490
1506.00000000	100.59890999
1508.00000000	98.96311839
1510.00000000	97.14183423
1512.00000000	95.96729314
1514.00000000	94.97878038
1516.00000000	93.98363256
1518.00000000	93.24441208
1520.00000000	92.47795206
1522.00000000	92.06237165
1524.00000000	91.34421656
1526.00000000	91.05964311
1528.00000000	90.80788295
1530.00000000	90.45862439
1532.00000000	90.20445440
1534.00000000	90.30950011
1536.00000000	89.97289725
1538.00000000	89.87768959
1540.00000000	89.53677980
1542.00000000	89.78683590
1544.00000000	89.75185772
1546.00000000	89.83478416
1548.00000000	89.88661986
1550.00000000	89.78340945
1552.00000000	89.77941329
1554.00000000	89.77232004
1556.00000000	89.77465550
1558.00000000	89.87552199
1560.00000000	89.67376479
1562.00000000	89.76072299
1564.00000000	89.92744010
1566.00000000	89.72860476
1568.00000000	89.78350912
1570.00000000	89.92222238
1572.00000000	90.07814525
1574.00000000	89.67778190
1576.00000000	90.11966405
1578.00000000	89.95285136
1580.00000000	90.26078947
1582.00000000	90.09224192
1584.00000000	90.26452346
1586.00000000	90.36996378
1588.00000000	90.40351944
1590.00000000	91.04310984
1592.00000000	91.00105661
1594.00000000	91.54842682
1596.00000000	91.97619474
1598.00000000	92.25989132
1600.00000000	92.92059735
1602.00000000	93.62492982
1604.00000000	94.62551942
1606.00000000	95.69249766
1608.00000000	96.83290495
1610.00000000	98.68753703
1612.00000000	100.68413869
1614.00000000	102.50888975
1616.00000000	104.91204233
1618.00000000	107.50028240
1620.00000000	110.55946455
1622.00000000	113.69070199
1624.00000000	116.91710248
1626.00000000	120.48263148
1628.00000000	124.50777181
1630.00000000	128.05063820
1632.00000000	131.58074125
1634.00000000	135.29985807
1636.00000000	138.93593981
1638.00000000	142.28449150
1640.00000000	145.31443296
1642.00000000	147.67708903
1644.00000000	149.65480405
1646.00000000	151.46166517
1648.00000000	152.22542407
1650.00000000	152.72347383
1652.00000000	152.39706662
1654.00000000	151.45927771
1656.00000000	150.10410922
1658.00000000	147.98354861
1660.00000000	145.57314131
1662.00000000	142.55644041
1664.00000000	139.12106507
1666.00000000	135.99511092
1668.00000000	132.50439109
1670.00000000	128.63470827
1672.00000000	124.88449333
1674.00000000	121.05330243
1676.00000000	117.70260189
1678.00000000	114.45503218
1680.00000000	111.22279613
1682.00000000	108.58873322
1684.00000000	105.85470119
1686.00000000	103.57476957
1688.00000000	101.42200064
1690.00000000	99.88436299
1692.00000000	98.24983482
1694.00000000	97.09981732
1696.00000000	95.84908031
1698.00000000	95.06555997
1700.00000000	94.31581717
1702.00000000	93.41419435
1704.00000000	93.41560526
1706.00000000	92.72043428
1708.00000000	92.51415755
1710.00000000	92.47884184
1712.00000000	92.09230062
1714.00000000	92.24845911
1716.00000000	92.26817110
1718.00000000	92.09213882
1720.00000000	91.88797629
1722.00000000	92.05585505
1724.00000000	92.07594917
1726.00000000	91.86571204
1728.00000000	92.06554637
1730.00000000	92.07121253
1732.00000000	92.06633554
1734.00000000	92.06640922
1736.00000000	92.15069801
1738.00000000	92.18177699
1740.00000000	92.15520911
1742.00000000	92.25489079
1744.00000000	92.27131163
1746.00000000	92.42627941
1748.00000000	92.52863295
1750.00000000	92.48412351
1752.00000000	92.47090925
1754.00000000	92.59942463
1756.00000000	92.52693509
1758.00000000	92.62730528
1760.00000000	92.66958213
1762.00000000	92.71760053
1764.00000000	92.61473175
1766.00000000	92.78106657
1768.00000000	92.60927899
1770.00000000	92.74398550
1772.00000000	93.03718553
1774.00000000	92.99743245
1776.00000000	93.02940459
1778.00000000	93.10485103
1780.00000000	92.89255033
1782.00000000	93.08644694
1784.00000000	93.11814540
1786.00000000	93.13194830
1788.00000000	93.14056073
1790.00000000	93.10293666
1792.00000000	93.40394449
1794.00000000	92.93024191
1796.00000000	93.33231407
1798.00000000	93.25060901
1800.00000000	93.46193476
1802.00000000	93.60203909
1804.00000000	93.37130233
1806.00000000	93.40151455
1808.00000000	93.60382379
1810.00000000	93.55614435
1812.00000000	93.51130069
1814.00000000	93.78533475
1816.00000000	93.64892525
1818.00000000	93.89491404
1820.00000000	93.62706654
1822.00000000	93.73568891
1824.00000000	93.93023957
1826.00000000	93.99209034
1828.00000000	93.86262160
1830.00000000	94.04111070
1832.00000000	93.98273632
1834.00000000	94.22466450
1836.00000000	94.23745324
1838.00000000	94.18023506
1840.00000000	94.20815390
1842.00000000	94.22753284
1844.00000000	94.34308030
1846.00000000	94.46464152
1848.00000000	94.47872611
1850.00000000	94.31962146
1852.00000000	94.41010811
1854.00000000	94.46830653
1856.00000000	94.63806647
1858.00000000	94.73900684
1860.00000000	94.79584515
1862.00000000	94.95977867
1864.00000000	94.69682649
1866.00000000	94.83359753
1868.00000000	94.87093480
1870.00000000	95.04432962
1872.00000000	94.82143157
1874.00000000	95.12885063
1876.00000000	95.25827643
1878.00000000	95.04961665
1880.00000000	95.12912056
1882.00000000	95.00426171
1884.00000000	95.38767527
1886.00000000	95.10355852
1888.00000000	95.41224040
1890.00000000	95.27012818
1892.00000000	95.33993119
1894.00000000	95.52360914
1896.00000000	95.56242204
1898.00000000	95.36423723
1900.00000000	95.48601360
1902.00000000	95.49323557
1904.00000000	95.52576927
1906.00000000	95.79229322
1908.00000000	95.98052627
1910.00000000	95.87969993
1912.00000000	96.06625153
1914.00000000	95.90907641
1916.00000000	95.98403799
1918.00000000	95.92591291
1920.00000000	95.95698135
1922.00000000	96.27466060
1924.00000000	96.32519868
1926.00000000	96.29540204
1928.00000000	96.39334077
1930.00000000	96.28933717
1932.00000000	96.39273313
1934.00000000	96.28687047
1936.00000000	96.56722798
1938.00000000	96.76421134
1940.00000000	96.58547536
1942.00000000	96.59467151
1944.00000000	96.68745709
1946.00000000	96.81979385
1948.00000000	96.75165617
1950.00000000	96.74920510
1952.00000000	96.88698591
1954.00000000	96.93970269
1956.00000000	96.96795760
1958.00000000	97.31253152
1960.00000000	97.05028992
1962.00000000	97.18094020
1964.00000000	97.30256091
1966.00000000	97.14070370
1968.00000000	97.24824712
1970.00000000	97.11502710
1972.00000000	97.38802142
1974.00000000	97.43583232
1976.00000000	97.44467571
1978.00000000	97.66626968
1980.00000000	97.65456202
1982.00000000	97.51909720
1984.00000000	97.64098350
1986.00000000	97.76621811
1988.00000000	97.42874923
1990.00000000	97.70523364
1992.00000000	97.62466191
1994.00000000	97.94756906
1996.00000000	97.66367636
1998.00000000	98.00417773
2000.00000000	97.98637719
2002.00000000	98.19647628
2004.00000000	98.22033532
2006.00000000	98.35393429
2008.00000000	98.04794130
2010.00000000	98.25472433
2012.00000000	98.54686820
2014.00000000	98.34617118
2016.00000000	98.03974550
2018.00000000	98.66285879
2020.00000000	98.57349811
2022.00000000	98.67467076
2024.00000000	98.64494956
2026.00000000	98.91595515
2028.00000000	98.70647373
2030.00000000	98.98906354
2032.00000000	98.81512670
2034.00000000	98.77486480
2036.00000000	99.10603247
2038.00000000	98.91544421
2040.00000000	98.78993250
2042.00000000	98.97743734
2044.00000000	99.25390888
2046.00000000	99.07715815
2048.00000000	99.11671259
2050.00000000	99.40710176
2052.00000000	99.38470285
2054.00000000	99.36561092
2056.00000000	99.41468888
2058.00000000	99.31602484
2060.00000000	99.63663838
2062.00000000	99.87222239
2064.00000000	99.71038983
2066.00000000	99.77431471
2068.00000000	99.67744866
2070.00000000	99.95312444
2072.00000000	99.72349630
2074.00000000	100.00692611
2076.00000000	100.04335518
2078.00000000	100.26357400
2080.00000000	99.99424273
2082.00000000	100.08828393
2084.00000000	100.41070601
2086.00000000	100.32351418
2088.00000000	100.44300961
2090.00000000	100.47409335
2092.00000000	100.47892617
2094.00000000	100.64292412
2096.00000000	100.51679254
2098.00000000	100.78746241
2100.00000000	100.84998190
2102.00000000	100.88543072
2104.00000000	100.76592804
2106.00000000	101.00558919
2108.00000000	101.09430029
2110.00000000	101.24066324
2112.00000000	101.35027183
2114.00000000	101.03080115
2116.00000000	101.32268190
2118.00000000	101.36766733
2120.00000000	101.57366478
2122.00000000	101.57520769
2124.00000000	102.16676293
2126.00000000	102.15481840
2128.00000000	102.07168699
2130.00000000	102.35615872
2132.00000000	102.68994099
2134.00000000	102.83579630
2136.00000000	103.14830523
2138.00000000	103.45941893
2140.00000000	103.61970014
2142.00000000	104.18973710
2144.00000000	104.70370387
2146.00000000	105.13905656
2148.00000000	105.67035026
2150.00000000	106.08612748
2152.00000000	106.69681780
2154.00000000	107.36046267
2156.00000000	107.89018011
2158.00000000	108.91624804
2160.00000000	109.32987003
2162.00000000	110.66410569
2164.00000000	111.71459557
2166.00000000	112.74680793
2168.00000000	113.61564689
2170.00000000	114.99277051
2172.00000000	116.44055315
2174.00000000	117.68830975
2176.00000000	119.49444454
2178.00000000	120.89945752
2180.00000000	123.03211204
2182.00000000	124.53896500
2184.00000000	126.65238122
2186.00000000	128.72834299
2188.00000000	130.87358203
2190.00000000	133.22225009
2192.00000000	135.40081601
2194.00000000	137.96204632
2196.00000000	140.48594348
2198.00000000	143.03627990
2200.00000000	145.65986827
2202.00000000	148.49243579
2204.00000000	151.27299761
2206.00000000	154.15235671
2208.00000000	156.94225547
2210.00000000	159.72683177
2212.00000000	162.81806362
2214.00000000	165.48959400
2216.00000000	168.36218094
2218.00000000	171.20245523
2220.00000000	173.85055397
2222.00000000	176.41130274
2224.00000000	178.79910477
2226.00000000	181.48838589
2228.00000000	183.66446872
2230.00000000	185.99553074
2232.00000000	187.80063240
2234.00000000	189.59614543
2236.00000000	191.64415253
2238.00000000	193.01216233
2240.00000000	194.37866153
2242.00000000	195.28888520
2244.00000000	196.13728901
2246.00000000	196.61326712
2248.00000000	197.05589706
2250.00000000	197.31215379
2252.00000000	197.15129313
2254.00000000	197.12692652
2256.00000000	196.56560235
2258.00000000	195.63468245
2260.00000000	194.68078266
2262.00000000	193.62161258
2264.00000000	192.35215490
2266.00000000	190.60170667
2268.00000000	188.89248482
2270.00000000	186.98502551
2272.00000000	184.87279050
2274.00000000	182.77067825
2276.00000000	180.35043944
2278.00000000	177.68402796
2280.00000000	175.52567471
2282.00000000	172.66125414
2284.00000000	170.02486608
2286.00000000	167.51466741
2288.00000000	164.54360982
2290.00000000	161.79420629
2292.00000000	159.09239216
2294.00000000	156.57739926
2296.00000000	153.63785508
2298.00000000	150.86757278
2300.00000000	148.45314350
2302.00000000	145.58540513
2304.00000000	143.48552145
2306.00000000	141.06695910
2308.00000000	138.28580957
2310.00000000	136.27197257
2312.00000000	134.01043890
2314.00000000	132.04992339
2316.00000000	130.03490403
2318.00000000	128.35472753
2320.00000000	126.26664687
2322.00000000	124.73982213
2324.00000000	123.21884211
2326.00000000	121.79858373
2328.00000000	120.45214026
2330.00000000	118.92129506
2332.00000000	118.20238466
2334.00000000	117.03713499
2336.00000000	116.14273067
2338.00000000	115.06964489
2340.00000000	114.40299884
2342.00000000	113.38652554
2344.00000000	112.78281674
2346.00000000	112.39221079
2348.00000000	111.82722843
2350.00000000	111.23830200
2352.00000000	110.87250488
2354.00000000	110.39603533
2356.00000000	110.17297749
2358.00000000	109.80818597
2360.00000000	109.52629986
2362.00000000	109.36601304
2364.00000000	108.96179346
2366.00000000	108.52417782
2368.00000000	108.73502071
2370.00000000	108.61667163
2372.00000000	108.51697201
2374.00000000	108.50372212
2376.00000000	108.30400191
2378.00000000	108.53419662
2380.00000000	108.15221350
2382.00000000	108.50297659
2384.00000000	108.24343964
2386.00000000	108.30306891
2388.00000000	108.21404950
2390.00000000	108.27528425
2392.00000000	108.24974661
2394.00000000	108.47618594
2396.00000000	108.22980974
2398.00000000	108.38410905
2400.00000000	108.21426359
2402.00000000	108.42351788
2404.00000000	108.36900190
2406.00000000	108.51386170
2408.00000000	108.69409880
2410.00000000	108.46649950
2412.00000000	108.60391269
2414.00000000	108.79360418
2416.00000000	108.60865271
2418.00000000	108.68939983
2420.00000000	108.87128030
2422.00000000	108.86169989
2424.00000000	108.85025330
2426.00000000	108.82796970
2428.00000000	108.77634693
2430.00000000	108.91775373
2432.00000000	109.12319148
2434.00000000	109.17055689
2436.00000000	109.05781682
2438.00000000	109.12770409
2440.00000000	109.12786790
2442.00000000	109.36469635
2444.00000000	109.17665220
2446.00000000	109.16056495
2448.00000000	109.39728364
2450.00000000	109.57426004
2452.00000000	109.21435650
2454.00000000	109.32820585
2456.00000000	109.45558219
2458.00000000	109.63538032
2460.00000000	109.83016697
2462.00000000	109.75983365
2464.00000000	109.78528455
2466.00000000	109.80586019
2468.00000000	109.60995790
2470.00000000	109.64326483
2472.00000000	109.88200611
2474.00000000	109.66474764
2476.00000000	109.82083185
2478.00000000	109.79850019
2480.00000000	110.02321339
2482.00000000	109.89005140
2484.00000000	110.18029280
2486.00000000	110.08592265
2488.00000000	110.20279515
2490.00000000	110.34937724
2492.00000000	110.19942713
2494.00000000	110.40544442
2496.00000000	110.31379409
2498.00000000	110.17404778
2500.00000000	110.25672845
2502.00000000	110.29545738
2504.00000000	110.58395124
2506.00000000	110.41266884
2508.00000000	110.58979364
2510.00000000	110.43878716
2512.00000000	110.57613459
2514.00000000	110.76962775
2516.00000000	110.87263078
2518.00000000	110.78071986
2520.00000000	110.87286071
2522.00000000	110.83130584
2524.00000000	110.63252636
2526.00000000	110.92218036
2528.00000000	110.86606874
2530.00000000	111.14177046
2532.00000000	111.04526635
2534.00000000	110.89691824
2536.00000000	111.08621377
2538.00000000	111.20825196
2540.00000000	111.05836835
2542.00000000	111.13793199
2544.00000000	111.40644411
2546.00000000	111.37164792
2548.00000000	111.17384707
2550.00000000	111.50900128
2552.00000000	111.34664659
2554.00000000	111.12023823
2556.00000000	111.26428687
2558.00000000	111.40410173
2560.00000000	111.41907992
2562.00000000	111.47506244
2564.00000000	111.56150057
2566.00000000	111.46787620
2568.00000000	111.67700587
2570.00000000	111.65603911
2572.00000000	111.69855115
2574.00000000	111.63417035
2576.00000000	111.74036559
2578.00000000	111.66604035
2580.00000000	111.76384620
2582.00000000	111.60512146
2584.00000000	112.01265310
2586.00000000	112.15020073
2588.00000000	111.83942558
2590.00000000	111.93316415
2592.00000000	111.90918958
2594.00000000	111.92591286
2596.00000000	112.39030041
2598.00000000	112.15713674
2600.00000000	112.16522049
2602.00000000	112.17436972
2604.00000000	112.21308861
2606.00000000	112.08936739
2608.00000000	112.22992451
2610.00000000	112.36314676
2612.00000000	112.24260500
2614.00000000	112.19032558
2616.00000000	112.33653344
2618.00000000	112.35885741
2620.00000000	112.51604239
2622.00000000	112.54940025
2624.00000000	112.54296182
2626.00000000	112.37418386
2628.00000000	112.49129572
2630.00000000	112.55024462
2632.00000000	112.48647101
2634.00000000	112.57182871
2636.00000000	112.52394452
2638.00000000	112.68382856
2640.00000000	112.90786673
2642.00000000	112.71937940
2644.00000000	112.63231870
2646.00000000	112.72351286
2648.00000000	112.72296858
2650.00000000	113.08125489
2652.00000000	112.69827419
2654.00000000	112.63448658
2656.00000000	113.02819260
2658.00000000	112.86965551
2660.00000000	112.71125459
2662.00000000	112.87744774
2664.00000000	113.08823580
2666.00000000	113.04489162
2668.00000000	112.99586601
2670.00000000	113.11677026
2672.00000000	113.06702151
2674.00000000	113.15603296
2676.00000000	112.96998404
2678.00000000	113.12401759
2680.00000000	113.20210748
2682.00000000	113.17553452
2684.00000000	113.35461569
2686.00000000	112.92995020
2688.00000000	113.33418623
2690.00000000	113.18627550
2692.00000000	113.33550625
2694.00000000	113.30821059
2696.00000000	113.41174748
2698.00000000	113.30467049
2700.00000000	113.10126847
2702.00000000	113.62917865
2704.00000000	113.35046938
2706.00000000	113.42530053
2708.00000000	113.45175715
2710.00000000	113.36012530
2712.00000000	113.66247236
2714.00000000	113.59623005
2716.00000000	113.70719375
2718.00000000	113.63110723
2720.00000000	113.71226445
2722.00000000	113.52982640
2724.00000000	113.87517007
2726.00000000	113.64680081
2728.00000000	113.72676517
2730.00000000	113.74722420
2732.00000000	113.82058817
2734.00000000	113.81033137
2736.00000000	113.96162848
2738.00000000	113.99663854
2740.00000000	114.11183947
2742.00000000	114.12439717
2744.00000000	114.21480381
2746.00000000	114.13410636
2748.00000000	114.37762604
2750.00000000	114.59822664
2752.00000000	114.67135172
2754.00000000	114.76736591
2756.00000000	114.60634238
2758.00000000	114.77479296
2760.00000000	114.89110298
2762.00000000	115.22226428
2764.00000000	115.27600984
2766.00000000	115.59369733
2768.00000000	115.37254069
2770.00000000	115.89348961
2772.00000000	116.04434973
2774.00000000	116.14685811
2776.00000000	116.34744694
2778.00000000	116.77338273
2780.00000000	117.14994920
2782.00000000	117.28419163
2784.00000000	117.93592415
2786.00000000	118.18560914
2788.00000000	118.34899482
2790.00000000	118.95778275
2792.00000000	119.38619167
2794.00000000	120.01971001
2796.00000000	120.55238848
2798.00000000	121.26460942
2800.00000000	121.66631706
2802.00000000	122.41377360
2804.00000000	123.13722630
2806.00000000	124.12171759
2808.00000000	124.83127612
2810.00000000	125.73047887
2812.00000000	126.65504528
2814.00000000	127.66881667
2816.00000000	128.75213046
2818.00000000	130.00743054
2820.00000000	131.06353032
2822.00000000	132.39137454
2824.00000000	133.83414064
2826.00000000	134.85410404
2828.00000000	136.59470755
2830.00000000	138.02048138
2832.00000000	139.74336235
2834.00000000	141.38581051
2836.00000000	143.01844859
2838.00000000	144.98640598
2840.00000000	147.14571561
2842.00000000	148.78575256
2844.00000000	150.79810410
2846.00000000	152.83743188
2848.00000000	154.94022458
2850.00000000	157.24434325
2852.00000000	159.96637626
2854.00000000	162.10725993
2856.00000000	164.56141468
2858.00000000	167.05423611
2860.00000000	169.50707965
2862.00000000	171.95832543
2864.00000000	174.77035781
2866.00000000	177.32032359
2868.00000000	179.84512709
2870.00000000	182.66408411
2872.00000000	185.69887486
2874.00000000	188.11742695
2876.00000000	191.08353410
2878.00000000	193.45863315
2880.00000000	196.48795098
2882.00000000	199.13562959
2884.00000000	201.73362466
2886.00000000	204.32677470
2888.00000000	206.78274346
2890.00000000	209.39037029
2892.00000000	212.07406474
2894.00000000	214.52685226
2896.00000000	216.79640622
2898.00000000	219.17442048
2900.00000000	221.33069541
2902.00000000	223.31111898
2904.00000000	225.10139485
2906.00000000	227.04086782
2908.00000000	228.68706047
2910.00000000	230.28458944
2912.00000000	231.88865314
2914.00000000	233.22418696
2916.00000000	234.31064048
2918.00000000	235.57904548
2920.00000000	236.42806471
2922.00000000	237.20772278
2924.00000000	237.62840168
2926.00000000	238.06249516
2928.00000000	238.21453233
2930.00000000	238.32086562
2932.00000000	238.13862039
2934.00000000	238.03231499
2936.00000000	237.77858114
2938.00000000	237.14578229
2940.00000000	236.49245119
2942.00000000	235.50323363
2944.00000000	234.41621655
2946.00000000	233.16388901
2948.00000000	232.03761949
2950.00000000	230.40136482
2952.00000000	228.86030999
2954.00000000	227.09209594
2956.00000000	225.39190311
2958.00000000	223.37357208
2960.00000000	221.21822025
2962.00000000	219.05082828
2964.00000000	217.02855799
2966.00000000	214.78729327
2968.00000000	211.93169191
2970.00000000	209.61340724
2972.00000000	207.29673163
2974.00000000	204.69134549
2976.00000000	201.92912509
2978.00000000	199.04653902
2980.00000000	196.72893036
2982.00000000	193.82218458
2984.00000000	191.21477026
2986.00000000	188.35413898
2988.00000000	185.67455225
2990.00000000	182.78731324
2992.00000000	180.38873253
2994.00000000	177.50452091
2996.00000000	175.13888625
2998.00000000	172.21048723
3000.00000000	169.78067876
3002.00000000	167.38640553
3004.00000000	164.74724440
3006.00000000	162.32296385
3008.00000000	159.73174955
3010.00000000	157.85647174
3012.00000000	155.44237211
3014.00000000	153.31685163
3016.00000000	151.18522257
3018.00000000	149.09910677
3020.00000000	146.94806272
3022.00000000	145.11983429
3024.00000000	143.56458364
3026.00000000	141.64057856
3028.00000000	139.93069029
3030.00000000	138.42593445
3032.00000000	136.96461431
3034.00000000	135.37063130
3036.00000000	134.04881942
3038.00000000	132.78573204
3040.00000000	131.63144592
3042.00000000	130.44966106
3044.00000000	129.12475272
3046.00000000	128.04390939
3048.00000000	127.04587037
3050.00000000	126.12473308
3052.00000000	125.24676359
3054.00000000	124.43436711
3056.00000000	123.65469706
3058.00000000	123.19715091
3060.00000000	122.30156311
3062.00000000	121.72643617
3064.00000000	121.13205209
3066.00000000	120.83331253
3068.00000000	120.00529052
3070.00000000	119.66314637
3072.00000000	119.27037936
3074.00000000	118.83159490
3076.00000000	118.35292199
3078.00000000	118.02243622
3080.00000000	117.60059597
3082.00000000	117.39883641
3084.00000000	117.29538942
3086.00000000	117.02978755
3088.00000000	116.66155351
3090.00000000	116.46615118
3092.00000000	116.29598973
3094.00000000	116.23466922
3096.00000000	115.94131230
3098.00000000	116.16095910
3100.00000000	115.56680529
3102.00000000	115.88278521
3104.00000000	115.59735120
3106.00000000	115.34283469
3108.00000000	115.27713818
3110.00000000	115.49001496
3112.00000000	115.06587177
3114.00000000	115.27112468
3116.00000000	114.96984522
3118.00000000	115.28142857
3120.00000000	115.06690975
3122.00000000	115.12402787
3124.00000000	114.90357610
3126.00000000	114.96778287
3128.00000000	115.02179337
3130.00000000	114.61827978
3132.00000000	114.90830438
3134.00000000	114.60683327
3136.00000000	114.63834429
3138.00000000	114.81396760
3140.00000000	114.81326840
3142.00000000	114.51743569
3144.00000000	114.61468128
3146.00000000	114.71212293
3148.00000000	114.68030035
3150.00000000	114.65131343
3152.00000000	114.70367701
3154.00000000	114.58032094
3156.00000000	114.63426944
3158.00000000	114.52051630
3160.00000000	114.46108707
3162.00000000	114.96454116
3164.00000000	114.68463988
3166.00000000	114.47856357
3168.00000000	114.61317739
3170.00000000	114.53802585
3172.00000000	114.80110187
3174.00000000	114.33795737
3176.00000000	114.61478806
3178.00000000	114.46433887
3180.00000000	114.55993628
3182.00000000	114.68533096
3184.00000000	114.36630148
3186.00000000	114.64968247
3188.00000000	114.52347667
3190.00000000	114.56098624
3192.00000000	114.53552350
3194.00000000	114.48143217
3196.00000000	114.44571381
3198.00000000	114.30362323
3200.00000000	114.46439555
3202.00000000	114.61909279
3204.00000000	114.37171840
3206.00000000	114.46922676
3208.00000000	114.37310711
3210.00000000	114.50792823
3212.00000000	114.18897490
3214.00000000	114.46255256
3216.00000000	114.32277894
3218.00000000	114.30659873
3220.00000000	114.41996816
3222.00000000	114.56140289
3224.00000000	114.51581174
3226.00000000	114.25036309
3228.00000000	114.35971101
3230.00000000	114.43126228
3232.00000000	114.38582138
3234.00000000	114.44917541
3236.00000000	114.35065042
3238.00000000	114.28798831
3240.00000000	114.69476567
3242.00000000	114.25987842
3244.00000000	114.42026666
3246.00000000	114.46602667
3248.00000000	114.13796043
3250.00000000	114.43201306
3252.00000000	114.31074246
3254.00000000	114.32351571
3256.00000000	114.19884296
3258.00000000	114.34170184
3260.00000000	114.32310173
3262.00000000	114.21567296
3264.00000000	114.17305878
3266.00000000	114.35778393
3268.00000000	114.24201512
3270.00000000	114.27611587
3272.00000000	114.24499466
3274.00000000	114.22635384
3276.00000000	114.33860925
3278.00000000	113.98662894
3280.00000000	114.32320193
3282.00000000	114.42121436
3284.00000000	114.32424176
3286.00000000	114.32327897
3288.00000000	114.17384261
3290.00000000	114.43382374
3292.00000000	114.32616877
3294.00000000	114.16810492
3296.00000000	114.36671475
3298.00000000	114.34050468
3300.00000000	114.02787164
