500.00000000	87.10286300
502.00000000	87.19170958
504.00000000	87.00036752
506.00000000	86.82428646
508.00000000	87.22066429
510.00000000	87.09337345
512.00000000	87.08184324
514.00000000	87.08735593
516.00000000	87.29698770
518.00000000	87.20912338
520.00000000	87.02999051
522.00000000	87.31964438
524.00000000	87.46708566
526.00000000	87.39649358
528.00000000	87.33198522
530.00000000	87.32574712
532.00000000	87.51762009
534.00000000	87.37367326
536.00000000	87.38356461
538.00000000	87.23645689
540.00000000	87.65539605
542.00000000	87.49498348
544.00000000	87.68236083
546.00000000	87.74878877
548.00000000	87.55300160
550.00000000	87.77610392
552.00000000	87.54842335
554.00000000	87.80987364
556.00000000	87.68851337
558.00000000	87.80353000
560.00000000	87.47092753
562.00000000	87.72133605
564.00000000	87.70500124
566.00000000	87.67210761
568.00000000	87.70374360
570.00000000	87.76802691
572.00000000	87.77993280
574.00000000	87.94559379
576.00000000	87.94249212
578.00000000	87.89641341
580.00000000	87.92101098
582.00000000	88.08370088
584.00000000	87.79761988
586.00000000	87.99257938
588.00000000	88.14716643
590.00000000	88.08424730
592.00000000	88.03751155
594.00000000	88.06820345
596.00000000	88.08581192
598.00000000	88.09154881
600.00000000	88.07126270
602.00000000	88.19547502
604.00000000	88.09454468
606.00000000	88.28211262
608.00000000	88.15518281
610.00000000	88.01355003
612.00000000	88.29016753
614.00000000	88.06900340
616.00000000	88.24826487
618.00000000	88.16102197
620.00000000	88.26080562
622.00000000	88.23131622
624.00000000	88.35880414
626.00000000	88.21714543
628.00000000	88.49937905
630.00000000	88.44361082
632.00000000	88.29706086
634.00000000	88.45067518
636.00000000	88.25209609
638.00000000	88.50758630
640.00000000	88.52273272
642.00000000	88.32401512
644.00000000	88.60440622
646.00000000	88.65434387
648.00000000	88.39650752
650.00000000	88.52966442
652.00000000	88.46748872
654.00000000	88.51858197
656.00000000	88.54708279
658.00000000	88.33278608
660.00000000	88.58063167
662.00000000	88.56716716
664.00000000	88.56441497
666.00000000	88.48772960
668.00000000	88.48054966
670.00000000	88.72292699
672.00000000	88.64673954
674.00000000	88.78973578
676.00000000	88.70774920
678.00000000	88.80702206
680.00000000	88.82126358
682.00000000	88.87817729
684.00000000	89.16422805
686.00000000	89.42926307
688.00000000	89.84185882
690.00000000	90.39277056
692.00000000	91.53655829
694.00000000	92.88797801
696.00000000	94.42211248
698.00000000	96.66581637
700.00000000	99.54604210
702.00000000	103.08377062
704.00000000	107.89288820
706.00000000	113.48811313
708.00000000	119.96535551
710.00000000	127.36532654
712.00000000	135.58623805
714.00000000	144.46472001
716.00000000	153.64606062
718.00000000	162.71324080
720.00000000	171.40903852
722.00000000	179.55395113
724.00000000	186.09942865
726.00000000	191.19322372
728.00000000	194.50803231
730.00000000	195.50656013
732.00000000	194.52592439
734.00000000	191.27285709
736.00000000	186.35943309
738.00000000	179.53903158
740.00000000	171.63426734
742.00000000	163.00374752
744.00000000	153.68038333
746.00000000	144.56263955
748.00000000	135.60474533
750.00000000	127.33557989
752.00000000	120.25816056
754.00000000	113.58280169
756.00000000	108.13347847
758.00000000	103.64088249
760.00000000	99.91807835
762.00000000	96.95057850
764.00000000	94.69014420
766.00000000	92.89101914
768.00000000	91.74925390
770.00000000	90.69455306
772.00000000	90.09438136
774.00000000	90.02249974
776.00000000	89.63306760
778.00000000	89.45469636
780.00000000	89.35267243
782.00000000	89.36449373
784.00000000	89.23461467
786.00000000	89.09551958
788.00000000	89.23977504
790.00000000	88.99614599
792.00000000	89.14557488
794.00000000	88.96965070
796.00000000	89.24956043
798.00000000	89.16530637
800.00000000	89.48971469
802.00000000	89.07960042
804.00000000	89.17915646
806.00000000	89.37507303
808.00000000	89.16102181
810.00000000	89.12328235
812.00000000	89.15575349
814.00000000	89.15107995
816.00000000	89.34278045
818.00000000	89.13898957
820.00000000	89.35137999
822.00000000	89.22175472
824.00000000	89.15285781
826.00000000	89.24977454
828.00000000	89.28104677
830.00000000	89.10950281
832.00000000	89.33813157
834.00000000	89.22906338
836.00000000	88.97456864
838.00000000	89.07432748
840.00000000	89.39544452
842.00000000	89.18481008
844.00000000	89.18919385
846.00000000	89.41010194
848.00000000	89.23119512
850.00000000	89.25433417
852.00000000	89.27492848
854.00000000	89.21990189
856.00000000	89.27412568
858.00000000	89.31800790
860.00000000	89.23317598
862.00000000	89.39584119
864.00000000	89.23404855
866.00000000	88.93515317
868.00000000	89.24479528
870.00000000	89.18414146
872.00000000	89.16030464
874.00000000	89.32962797
876.00000000	89.20638002
878.00000000	88.99220421
880.00000000	89.16059716
882.00000000	89.20415586
884.00000000	89.16652985
886.00000000	89.12741555
888.00000000	89.22363516
890.00000000	89.49422963
892.00000000	89.43611125
894.00000000	89.19034355
896.00000000	89.06843583
898.00000000	89.13907309
900.00000000	89.11038906
902.00000000	89.26338940
904.00000000	89.13478903
906.00000000	89.16974710
908.00000000	89.12849357
910.00000000	89.44029942
912.00000000	89.37872997
914.00000000	89.14323781
916.00000000	89.25942823
918.00000000	89.12149856
920.00000000	89.30886292
922.00000000	89.37806511
924.00000000	89.48544364
926.00000000	89.26454562
928.00000000	89.37396732
930.00000000	89.45676323
932.00000000	89.74106323
934.00000000	90.10083036
936.00000000	90.58892133
938.00000000	90.91346484
940.00000000	91.32060914
942.00000000	91.92955372
944.00000000	92.68530081
946.00000000	93.59528730
948.00000000	94.54158350
950.00000000	95.97558739
952.00000000	97.36075534
954.00000000	99.57165765
956.00000000	101.59798048
958.00000000	103.99355912
960.00000000	106.96755637
962.00000000	109.72160724
964.00000000	113.06813617
966.00000000	116.99458040
968.00000000	120.91402648
970.00000000	125.69508631
972.00000000	130.09214530
974.00000000	134.83954052
976.00000000	139.84009278
978.00000000	145.04235576
980.00000000	150.02614513
982.00000000	154.90005545
984.00000000	159.84904266
986.00000000	164.17088350
988.00000000	168.39960664
990.00000000	172.10982917
992.00000000	175.29195704
994.00000000	177.70531137
996.00000000	179.53109458
998.00000000	180.85586614
1000.00000000	181.07594528
1002.00000000	180.83623245
1004.00000000	179.69720320
1006.00000000	177.71012521
1008.00000000	175.42910105
1010.00000000	172.19926147
1012.00000000	168.21422092
1014.00000000	164.33883599
1016.00000000	159.72423459
1018.00000000	154.67977999
1020.00000000	149.97686075
1022.00000000	144.52972118
1024.00000000	139.70900334
1026.00000000	134.69266315
1028.00000000	129.75367898
1030.00000000	125.07650400
1032.00000000	120.73920759
1034.00000000	116.78866636
1036.00000000	113.18952705
1038.00000000	109.55531684
1040.00000000	106.34023053
1042.00000000	103.74136618
1044.00000000	101.65319660
1046.00000000	99.02071849
1048.00000000	97.58450687
1050.00000000	95.88249801
1052.00000000	94.74811924
1054.00000000	93.27805379
1056.00000000	92.59167732
1058.00000000	91.82636485
1060.00000000	91.02052767
1062.00000000	90.61152537
1064.00000000	90.33157238
1066.00000000	89.79944423
1068.00000000	89.71984434
1070.00000000	89.30431701
1072.00000000	89.20349738
1074.00000000	89.17176350
1076.00000000	89.08820475
1078.00000000	88.91826078
1080.00000000	88.70767249
1082.00000000	88.78887544
1084.00000000	88.59968266
1086.00000000	88.80447967
1088.00000000	88.93520559
1090.00000000	88.85954735
1092.00000000	88.78427164
1094.00000000	88.71494230
1096.00000000	88.62724199
1098.00000000	88.77522795
1100.00000000	88.69834272
1102.00000000	88.77440563
1104.00000000	88.58789879
1106.00000000	88.65787355
1108.00000000	88.81766855
1110.00000000	88.81046187
1112.00000000	88.66815668
1114.00000000	88.47086776
1116.00000000	89.05215861
1118.00000000	88.61606165
1120.00000000	88.71266215
1122.00000000	88.61335276
1124.00000000	88.67587777
1126.00000000	88.37160419
1128.00000000	88.85732807
1130.00000000	88.53068477
1132.00000000	88.91841350
1134.00000000	88.74415021
1136.00000000	88.70462113
1138.00000000	88.73022287
1140.00000000	88.70391303
1142.00000000	88.39179954
1144.00000000	88.64094204
1146.00000000	88.49512709
1148.00000000	88.70735990
1150.00000000	88.56339402
1152.00000000	88.51999017
1154.00000000	88.72417097
1156.00000000	88.66916360
1158.00000000	88.62083924
1160.00000000	88.64657542
1162.00000000	88.55420732
1164.00000000	88.43266242
1166.00000000	88.39072204
1168.00000000	88.59164843
1170.00000000	88.40566082
1172.00000000	88.68797878
1174.00000000	88.29824350
1176.00000000	88.45803577
1178.00000000	88.59438506
1180.00000000	88.55270362
1182.00000000	88.55280370
1184.00000000	88.41554288
1186.00000000	88.51539753
1188.00000000	88.24075514
1190.00000000	88.63538667
1192.00000000	88.61045903
1194.00000000	88.40237273
1196.00000000	88.42511045
1198.00000000	88.37897759
1200.00000000	88.45017437
1202.00000000	88.48649783
1204.00000000	88.42295506
1206.00000000	88.41677966
1208.00000000	88.46564582
1210.00000000	88.51960284
1212.00000000	88.60837340
1214.00000000	88.61675842
1216.00000000	88.48843963
1218.00000000	88.57874712
1220.00000000	88.43391134
1222.00000000	88.29301689
1224.00000000	88.59032780
1226.00000000	88.36076500
1228.00000000	88.40803370
1230.00000000	88.40600579
1232.00000000	88.39281544
1234.00000000	88.35258822
1236.00000000	88.42171163
1238.00000000	88.49096421
1240.00000000	88.46918290
1242.00000000	88.42018440
1244.00000000	88.39725986
1246.00000000	88.43330768
1248.00000000	88.46078341
1250.00000000	88.49886445
1252.00000000	88.41890076
1254.00000000	88.49916821
1256.00000000	88.54923910
1258.00000000	88.32020906
1260.00000000	88.47785487
1262.00000000	88.57397325
1264.00000000	88.30057120
1266.00000000	88.28330574
1268.00000000	88.40602179
1270.00000000	88.39522661
1272.00000000	88.51355109
1274.00000000	88.49053782
1276.00000000	88.47747922
1278.00000000	88.37992474
1280.00000000	88.38834663
1282.00000000	88.23044697
1284.00000000	88.44394563
1286.00000000	88.56506405
1288.00000000	88.31977122
1290.00000000	88.33348788
1292.00000000	88.55234849
1294.00000000	88.52782626
1296.00000000	88.36056834
1298.00000000	88.56982388
1300.00000000	88.48279565
1302.00000000	88.47217814
1304.00000000	88.81017014
1306.00000000	88.28985819
1308.00000000	88.34385772
1310.00000000	88.52602367
1312.00000000	88.58048362
1314.00000000	88.51745476
1316.00000000	88.50610489
1318.00000000	88.49478990
1320.00000000	88.67431574
1322.00000000	88.51605568
1324.00000000	88.30776050
1326.00000000	88.50539687
1328.00000000	88.43358850
1330.00000000	88.51880205
1332.00000000	88.53032672
1334.00000000	88.43043547
1336.00000000	88.67038014
1338.00000000	88.57281282
1340.00000000	88.72307282
1342.00000000	88.57572885
1344.00000000	88.48587629
1346.00000000	88.48436512
1348.00000000	88.64135416
1350.00000000	88.53296365
1352.00000000	88.64415993
1354.00000000	88.73943455
1356.00000000	88.66985627
1358.00000000	88.54029446
1360.00000000	88.69981034
1362.00000000	88.69254455
1364.00000000	88.97187219
1366.00000000	88.96919813
1368.00000000	89.18878676
1370.00000000	89.28885949
1372.00000000	89.46188744
1374.00000000	89.67498485
1376.00000000	89.65659571
1378.00000000	90.04245923
1380.00000000	90.53512411
1382.00000000	90.87354257
1384.00000000	91.36232241
1386.00000000	92.12533348
1388.00000000	92.83411269
1390.00000000	93.92079078
1392.00000000	94.47565923
1394.00000000	95.70551819
1396.00000000	96.93064942
1398.00000000	98.53253339
1400.00000000	100.04892517
1402.00000000	102.10430249
1404.00000000	103.78494918
1406.00000000	106.08805610
1408.00000000	108.43599357
1410.00000000	111.18604946
1412.00000000	113.71302991
1414.00000000	116.62019176
1416.00000000	119.86758562
1418.00000000	122.81150746
1420.00000000	126.14957656
1422.00000000	129.49605556
1424.00000000	133.02426864
1426.00000000	136.36391078
1428.00000000	139.48444099
1430.00000000	142.83972534
1432.00000000	146.09225696
1434.00000000	149.06982524
1436.00000000	151.76999551
1438.00000000	154.31924260
1440.00000000	156.52869819
1442.00000000	158.31459005
1444.00000000	159.72927941
1446.00000000	160.65656213
1448.00000000	161.58104211
1450.00000000	161.34128235
1452.00000000	161.48196679
1454.00000000	160.84018400
1456.00000000	159.85799739
1458.00000000	158.36782156
1460.00000000	156.57751595
1462.00000000	154.43015087
1464.00000000	151.80194844
1466.00000000	149.24372556
1468.00000000	146.29414029
1470.00000000	143.11976383
1472.00000000	139.63674766
1474.00000000	136.68956257
1476.00000000	133.20451514
1478.00000000	129.86198645
1480.00000000	126.73696465
1482.00000000	123.29533869
1484.00000000	120.09472136
1486.00000000	116.97046245
1488.00000000	114.15946084
1490.00000000	111.38954707
1492.00000000	108.92715229
1494.00000000	106.57513576
1496.00000000	104.30227620
1498.00000000	102.48493807
1500.00000000	100.54315048
1502.00000000	99.08348180
1504.00000000	97.67767145
1506.00000000	96.47691527
1508.00000000	95.13245176
1510.00000000	94.42912204
1512.00000000	93.71583143
1514.00000000	92.88477530
1516.00000000	92.22380206
1518.00000000	91.77542898
1520.00000000	91.46448813
1522.00000000	91.01892079
1524.00000000	90.81734349
1526.00000000	90.55097298
1528.00000000	90.29218608
1530.00000000	90.04274070
1532.00000000	89.92776340
1534.00000000	90.07521848
1536.00000000	89.83421332
1538.00000000	89.68101686
1540.00000000	89.68012891
1542.00000000	89.64183504
1544.00000000	89.71995117
1546.00000000	89.87905802
1548.00000000	89.58361197
1550.00000000	89.53142399
1552.00000000	89.73834888
1554.00000000	89.84916861
1556.00000000	89.68489367
1558.00000000	89.86296063
1560.00000000	89.81196035
1562.00000000	89.91166575
1564.00000000	89.80013994
1566.00000000	89.92464985
1568.00000000	89.75710018
1570.00000000	89.75264588
1572.00000000	89.66405127
1574.00000000	89.72974558
1576.00000000	89.95055507
1578.00000000	90.13488102
1580.00000000	89.91286777
1582.00000000	90.27045954
1584.00000000	90.31254775
1586.00000000	90.25854136
1588.00000000	90.76787223
1590.00000000	90.66363491
1592.00000000	90.99898492
1594.00000000	91.20642070
1596.00000000	91.94249349
1598.00000000	92.36040397
1600.00000000	92.59138409
1602.00000000	93.44164901
1604.00000000	94.25475404
1606.00000000	95.52048273
1608.00000000	96.61911568
1610.00000000	98.10342356
1612.00000000	99.90747800
1614.00000000	101.91293026
1616.00000000	104.21887334
1618.00000000	106.64238877
1620.00000000	109.13960917
1622.00000000	112.35970557
1624.00000000	115.65699930
1626.00000000	118.71415559
1628.00000000	122.26798294
1630.00000000	125.82214955
1632.00000000	129.49264138
1634.00000000	132.87921304
1636.00000000	136.45007032
1638.00000000	139.55126619
1640.00000000	141.94054452
1642.00000000	144.47976376
1644.00000000	146.42941811
1646.00000000	147.68276149
1648.00000000	148.72902111
1650.00000000	149.20765244
1652.00000000	148.63679010
1654.00000000	147.95732851
1656.00000000	146.57367347
1658.00000000	144.64905833
1660.00000000	142.44214993
1662.00000000	139.54416289
1664.00000000	136.19752428
1666.00000000	133.32424268
1668.00000000	129.99385477
1670.00000000	126.51923076
1672.00000000	122.85698585
1674.00000000	119.43125359
1676.00000000	116.26837417
1678.00000000	113.15522108
1680.00000000	110.13807436
1682.00000000	107.62068599
1684.00000000	105.21945300
1686.00000000	102.96333964
1688.00000000	101.04326997
1690.00000000	99.46274625
1692.00000000	97.89058525
1694.00000000	96.37537673
1696.00000000	95.75202747
1698.00000000	94.84445923
1700.00000000	94.11525676
1702.00000000	93.52625723
1704.00000000	93.33210420
1706.00000000	92.65237386
1708.00000000	92.64830359
1710.00000000	92.28329974
1712.00000000	92.33890169
1714.00000000	92.31805343
1716.00000000	92.08609744
1718.00000000	92.25389579
1720.00000000	92.17173835
1722.00000000	92.07623541
1724.00000000	92.23985482
1726.00000000	92.03949628
1728.00000000	92.11681483
1730.00000000	91.99825393
1732.00000000	92.06359510
1734.00000000	92.31232805
1736.00000000	92.18472860
1738.00000000	92.11486985
1740.00000000	92.59245505
1742.00000000	92.42340506
1744.00000000	92.45637961
1746.00000000	92.39122438
1748.00000000	92.34098672
1750.00000000	92.26307819
1752.00000000	92.66126879
1754.00000000	92.37618454
1756.00000000	92.67434512
1758.00000000	92.68563920
1760.00000000	92.44351171
1762.00000000	92.80044553
1764.00000000	92.68210741
1766.00000000	92.68051416
1768.00000000	92.57054766
1770.00000000	92.99889547
1772.00000000	92.92449459
1774.00000000	92.90070928
1776.00000000	92.80909309
1778.00000000	92.94159502
1780.00000000	93.01823382
1782.00000000	93.22733387
1784.00000000	93.22816533
1786.00000000	93.01992295
1788.00000000	93.07172913
1790.00000000	93.18320004
1792.00000000	93.38256222
1794.00000000	93.43813850
1796.00000000	93.35428320
1798.00000000	93.16102232
1800.00000000	93.32923391
1802.00000000	93.46522392
1804.00000000	93.44323542
1806.00000000	93.68662240
1808.00000000	93.47227800
1810.00000000	93.54562990
1812.00000000	93.57858939
1814.00000000	93.95415550
1816.00000000	93.62738332
1818.00000000	93.73559707
1820.00000000	93.79461389
1822.00000000	93.75891600
1824.00000000	93.78326505
1826.00000000	93.79562748
1828.00000000	94.20032886
1830.00000000	94.24513840
1832.00000000	94.10581335
1834.00000000	94.11958403
1836.00000000	94.32386009
1838.00000000	94.12543349
1840.00000000	94.31062315
1842.00000000	94.31153534
1844.00000000	94.34208299
1846.00000000	94.38738118
1848.00000000	94.40412343
1850.00000000	94.57059326
1852.00000000	94.41395090
1854.00000000	94.28786892
1856.00000000	94.65286858
1858.00000000	94.44613517
1860.00000000	94.70784620
1862.00000000	94.81144104
1864.00000000	94.71022341
1866.00000000	94.76505737
1868.00000000	94.73912880
1870.00000000	94.83647710
1872.00000000	95.01287313
1874.00000000	94.95227958
1876.00000000	94.97308130
1878.00000000	95.17092914
1880.00000000	95.05340900
1882.00000000	95.28293043
1884.00000000	95.17416941
1886.00000000	95.30158174
1888.00000000	95.42204560
1890.00000000	95.29418239
1892.00000000	95.61637421
1894.00000000	95.49366419
1896.00000000	95.46517653
1898.00000000	95.41721689
1900.00000000	95.39153666
1902.00000000	95.86773889
1904.00000000	95.77560030
1906.00000000	95.81622612
1908.00000000	95.64842817
1910.00000000	95.87707351
1912.00000000	95.83747412
1914.00000000	95.70239010
1916.00000000	96.18566172
1918.00000000	95.79828810
1920.00000000	96.50385305
1922.00000000	96.04490024
1924.00000000	96.30447672
1926.00000000	96.00117878
1928.00000000	96.31886657
1930.00000000	95.98828365
1932.00000000	96.14391297
1934.00000000	96.45227744
1936.00000000	96.75036678
1938.00000000	96.52349567
1940.00000000	96.57259536
1942.00000000	96.65739506
1944.00000000	96.71259357
1946.00000000	96.69818614
1948.00000000	96.58718288
1950.00000000	96.88509247
1952.00000000	96.84049846
1954.00000000	97.00869611
1956.00000000	96.91686063
1958.00000000	96.89008909
1960.00000000	96.92710507
1962.00000000	97.16777767
1964.00000000	97.09524382
1966.00000000	97.24367794
1968.00000000	97.17560166
1970.00000000	97.16928115
1972.00000000	97.47495589
1974.00000000	97.28552451
1976.00000000	97.39299925
1978.00000000	97.41502525
1980.00000000	97.60922165
1982.00000000	97.50973445
1984.00000000	97.78721826
1986.00000000	97.82799751
1988.00000000	97.74537931
1990.00000000	97.59417457
1992.00000000	97.82795651
1994.00000000	97.96635565
1996.00000000	98.09388135
1998.00000000	97.86364652
2000.00000000	98.07768266
2002.00000000	98.13818121
2004.00000000	98.21594845
2006.00000000	98.20208922
2008.00000000	98.46065339
2010.00000000	98.47260645
2012.00000000	98.53743146
2014.00000000	98.59234776
2016.00000000	98.56747201
2018.00000000	98.42842344
2020.00000000	98.26640566
2022.00000000	98.62160272
2024.00000000	98.66948239
2026.00000000	98.54563382
2028.00000000	98.69594365
2030.00000000	98.78772642
2032.00000000	99.02597172
2034.00000000	99.00490666
2036.00000000	98.98833288
2038.00000000	99.01366213
2040.00000000	99.07438425
2042.00000000	98.98960400
2044.00000000	99.08431810
2046.00000000	99.02679877
2048.00000000	99.51393260
2050.00000000	99.12853061
2052.00000000	99.38193347
2054.00000000	99.43948077
2056.00000000	99.31158104
2058.00000000	99.42227604
2060.00000000	99.79476138
2062.00000000	99.69517113
2064.00000000	99.81283669
2066.00000000	99.69739907
2068.00000000	99.85260103
2070.00000000	99.95835779
2072.00000000	99.73192702
2074.00000000	99.88248976
2076.00000000	100.15761427
2078.00000000	100.28950679
2080.00000000	99.99907729
2082.00000000	100.14348127
2084.00000000	100.32389916
2086.00000000	100.59853440
2088.00000000	100.33280115
2090.00000000	100.43027602
2092.00000000	100.61417514
2094.00000000	100.50583727
2096.00000000	100.53812838
2098.00000000	101.00283254
2100.00000000	100.80769345
2102.00000000	100.97399126
2104.00000000	100.70064951
2106.00000000	100.94071908
2108.00000000	100.80502415
2110.00000000	101.11630875
2112.00000000	101.37673815
2114.00000000	101.16460804
2116.00000000	101.52123420
2118.00000000	101.43670715
2120.00000000	101.59803117
2122.00000000	101.68424201
2124.00000000	102.04292046
2126.00000000	102.30095311
2128.00000000	102.23196430
2130.00000000	102.39453762
2132.00000000	102.76053830
2134.00000000	102.77700741
2136.00000000	103.00074695
2138.00000000	103.40019331
2140.00000000	103.93790544
2142.00000000	104.18075948
2144.00000000	104.35200102
2146.00000000	105.01584857
2148.00000000	105.37667323
2150.00000000	105.62759154
2152.00000000	106.24448527
2154.00000000	107.03963173
2156.00000000	107.76342413
2158.00000000	108.53223302
2160.00000000	109.25993098
2162.00000000	109.97426555
2164.00000000	111.06573036
2166.00000000	112.04044931
2168.00000000	113.01802515
2170.00000000	114.37814130
2172.00000000	115.44562401
2174.00000000	117.09461998
2176.00000000	118.45820032
2178.00000000	119.81076808
2180.00000000	121.82869104
2182.00000000	123.35322232
2184.00000000	125.39281155
2186.00000000	127.51933315
2188.00000000	129.02020605
2190.00000000	131.48599931
2192.00000000	133.49607353
2194.00000000	135.80233940
2196.00000000	138.45777229
2198.00000000	140.76494804
2200.00000000	143.08844701
2202.00000000	145.68576553
2204.00000000	148.45475999
2206.00000000	151.14515372
2208.00000000	153.66142324
2210.00000000	156.62824442
2212.00000000	159.20001868
2214.00000000	161.90047173
2216.00000000	164.62771693
2218.00000000	167.23318872
2220.00000000	169.68083591
2222.00000000	172.17007833
2224.00000000	174.65003964
2226.00000000	176.90228892
2228.00000000	179.22352790
2230.00000000	180.99810762
2232.00000000	183.00980016
2234.00000000	184.98604407
2236.00000000	186.26016679
2238.00000000	187.90730083
2240.00000000	188.97272915
2242.00000000	190.02364947
2244.00000000	190.73600783
2246.00000000	191.33037875
2248.00000000	191.74889898
2250.00000000	192.01659027
2252.00000000	191.81964005
2254.00000000	191.70161088
2256.00000000	191.10892724
2258.00000000	190.46939685
2260.00000000	189.48278963
2262.00000000	188.53010554
2264.00000000	187.08030233
2266.00000000	185.50715787
2268.00000000	183.98919168
2270.00000000	182.25478906
2272.00000000	180.34976226
2274.00000000	178.17988730
2276.00000000	175.66071687
2278.00000000	173.75040607
2280.00000000	171.18048621
2282.00000000	168.96749970
2284.00000000	166.51137978
2286.00000000	163.76064119
2288.00000000	161.19661002
2290.00000000	158.69965080
2292.00000000	155.82599192
2294.00000000	153.54401098
2296.00000000	150.86722504
2298.00000000	148.38622559
2300.00000000	145.96107456
2302.00000000	143.74036957
2304.00000000	141.07669002
2306.00000000	138.89570642
2308.00000000	136.78974402
2310.00000000	134.49381612
2312.00000000	132.47845836
2314.00000000	130.36201616
2316.00000000	128.63813880
2318.00000000	127.00821873
2320.00000000	125.36439458
2322.00000000	123.60089708
2324.00000000	122.29460839
2326.00000000	120.92511556
2328.00000000	119.65404742
2330.00000000	118.62289219
2332.00000000	117.43430084
2334.00000000	116.34115609
2336.00000000	115.30701143
2338.00000000	114.64752644
2340.00000000	113.83465614
2342.00000000	113.11617653
2344.00000000	112.77708894
2346.00000000	111.87411178
2348.00000000	111.51099735
2350.00000000	111.00302270
2352.00000000	110.52989741
2354.00000000	110.16321929
2356.00000000	109.84043137
2358.00000000	109.31449619
2360.00000000	109.25285112
2362.00000000	109.14930555
2364.00000000	108.98927719
2366.00000000	108.74708093
2368.00000000	108.69576800
2370.00000000	108.61446960
2372.00000000	108.50198543
2374.00000000	108.54780529
2376.00000000	108.24555292
2378.00000000	108.35269395
2380.00000000	108.11321389
2382.00000000	108.17252624
2384.00000000	108.30917059
2386.00000000	108.18974885
2388.00000000	108.25570996
2390.00000000	108.25153481
2392.00000000	108.34785893
2394.00000000	108.25144827
2396.00000000	108.17702027
2398.00000000	108.57490051
2400.00000000	108.56009694
2402.00000000	108.35499372
2404.00000000	108.41866318
2406.00000000	108.74649972
2408.00000000	108.35162158
2410.00000000	108.69155518
2412.00000000	108.55397055
2414.00000000	108.65971073
2416.00000000	108.49739215
2418.00000000	108.55669984
2420.00000000	108.85016137
2422.00000000	108.74169313
2424.00000000	108.78261042
2426.00000000	108.95104616
2428.00000000	108.93565169
2430.00000000	109.04576876
2432.00000000	109.01527194
2434.00000000	109.19930246
2436.00000000	109.17009986
2438.00000000	109.10030868
2440.00000000	109.05826597
2442.00000000	109.19339528
2444.00000000	109.31043058
2446.00000000	109.12351302
2448.00000000	109.48117486
2450.00000000	109.39478617
2452.00000000	109.27858781
2454.00000000	109.67225800
2456.00000000	109.54293282
2458.00000000	109.58982627
2460.00000000	109.51616865
2462.00000000	109.64505239
2464.00000000	109.60324489
2466.00000000	109.55284771
2468.00000000	109.66733573
2470.00000000	109.67356651
2472.00000000	109.82026628
2474.00000000	109.88564360
2476.00000000	109.79360344
2478.00000000	109.78874118
2480.00000000	109.91500991
2482.00000000	109.96949697
2484.00000000	109.89457388
2486.00000000	110.23894060
2488.00000000	110.30391243
2490.00000000	110.13306839
2492.00000000	110.30626392
2494.00000000	110.30045649
2496.00000000	110.34117693
2498.00000000	110.36696153
2500.00000000	110.37828785
2502.00000000	110.35989120
2504.00000000	110.51485903
2506.00000000	110.53652954
2508.00000000	110.30010987
2510.00000000	110.62037104
2512.00000000	110.54434665
2514.00000000	110.73008158
2516.00000000	110.71690202
2518.00000000	110.73086486
2520.00000000	110.77879067
2522.00000000	110.73264805
2524.00000000	110.83591864
2526.00000000	110.93025990
2528.00000000	110.69513072
2530.00000000	110.79552054
2532.00000000	110.94351604
2534.00000000	110.85734035
2536.00000000	111.14469342
2538.00000000	111.09294140
2540.00000000	110.97500657
2542.00000000	111.42788176
2544.00000000	111.07002587
2546.00000000	111.30295814
2548.00000000	111.34640376
2550.00000000	111.14957251
2552.00000000	111.15693288
2554.00000000	111.10879950
2556.00000000	111.48332541
2558.00000000	111.47623991
2560.00000000	111.35944155
2562.00000000	111.64655227
2564.00000000	111.45659854
2566.00000000	111.61132196
2568.00000000	111.60321027
2570.00000000	111.41099756
2572.00000000	111.73244045
2574.00000000	111.36309594
2576.00000000	111.60149412
2578.00000000	111.90473875
2580.00000000	111.89123055
2582.00000000	111.81220145
2584.00000000	111.83106101
2586.00000000	111.70497607
2588.00000000	111.97793263
2590.00000000	111.94411062
2592.00000000	111.97032771
2594.00000000	112.01866495
2596.00000000	111.90506758
2598.00000000	112.07882666
2600.00000000	112.03394372
2602.00000000	112.08829220
2604.00000000	112.15105434
2606.00000000	112.15365583
2608.00000000	111.96832466
2610.00000000	112.13723105
2612.00000000	112.32366975
2614.00000000	112.35315617
2616.00000000	112.40212619
2618.00000000	112.16475855
2620.00000000	112.39332124
2622.00000000	112.34116441
2624.00000000	112.24544535
2626.00000000	112.47445230
2628.00000000	112.51890169
2630.00000000	112.61940882
2632.00000000	112.39962250
2634.00000000	112.43685992
2636.00000000	112.51335810
2638.00000000	112.61232268
2640.00000000	112.60115885
2642.00000000	112.58203199
2644.00000000	112.51891535
2646.00000000	112.62214404
2648.00000000	112.93843785
2650.00000000	112.93436010
2652.00000000	112.59213161
2654.00000000	112.69057735
2656.00000000	112.97290286
2658.00000000	112.99892218
2660.00000000	112.95490406
2662.00000000	112.76412470
2664.00000000	112.73717589
2666.00000000	113.00578906
2668.00000000	113.24521366
2670.00000000	112.92637529
2672.00000000	113.10235348
2674.00000000	112.99511826
2676.00000000	113.19599252
2678.00000000	113.27870666
2680.00000000	113.25077672
2682.00000000	113.30703829
2684.00000000	113.17887026
2686.00000000	113.21644322
2688.00000000	113.19531161
2690.00000000	113.31850366
2692.00000000	113.14945620
2694.00000000	113.40718946
2696.00000000	113.46191097
2698.00000000	113.45282953
2700.00000000	113.46617617
2702.00000000	113.32292832
2704.00000000	113.38696234
2706.00000000	113.24930777
2708.00000000	113.29736263
2710.00000000	113.45947108
2712.00000000	113.58649914
2714.00000000	113.59445308
2716.00000000	113.54664300
2718.00000000	113.81226657
2720.00000000	113.92127034
2722.00000000	113.52193350
2724.00000000	113.74063154
2726.00000000	113.67436188
2728.00000000	113.78332920
2730.00000000	114.05833927
2732.00000000	113.80963760
2734.00000000	113.79413000
2736.00000000	114.15739665
2738.00000000	113.92885041
2740.00000000	113.93542718
2742.00000000	114.14613891
2744.00000000	114.19114105
2746.00000000	114.09097381
2748.00000000	114.29459829
2750.00000000	114.34826328
2752.00000000	114.52214787
2754.00000000	114.47540232
2756.00000000	114.75186458
2758.00000000	115.05443479
2760.00000000	115.00976984
2762.00000000	115.16266690
2764.00000000	115.05106680
2766.00000000	115.45448544
2768.00000000	115.74574035
2770.00000000	115.94765935
2772.00000000	116.05971419
2774.00000000	116.05285098
2776.00000000	116.47806715
2778.00000000	116.83738889
2780.00000000	116.87059324
2782.00000000	117.34767440
2784.00000000	117.43329858
2786.00000000	117.83545595
2788.00000000	118.13382720
2790.00000000	118.78164357
2792.00000000	119.10790256
2794.00000000	119.66864698
2796.00000000	120.15268604
2798.00000000	120.79957021
2800.00000000	121.28811170
2802.00000000	121.93403233
2804.00000000	122.75279590
2806.00000000	123.51219831
2808.00000000	124.36228990
2810.00000000	125.03680790
2812.00000000	125.89648902
2814.00000000	126.77870842
2816.00000000	127.95219336
2818.00000000	128.81909448
2820.00000000	130.08107997
2822.00000000	131.12742242
2824.00000000	132.53470455
2826.00000000	133.63705025
2828.00000000	135.42901353
2830.00000000	136.80252762
2832.00000000	138.23348070
2834.00000000	139.83818749
2836.00000000	141.53582851
2838.00000000	143.13044176
2840.00000000	144.93284528
2842.00000000	146.79460623
2844.00000000	148.58113229
2846.00000000	150.93972350
2848.00000000	152.90312596
2850.00000000	154.81533943
2852.00000000	157.07800487
2854.00000000	159.32876818
2856.00000000	161.38442264
2858.00000000	164.03864440
2860.00000000	166.34831438
2862.00000000	168.85466844
2864.00000000	171.22286413
2866.00000000	173.58989866
2868.00000000	176.17531848
2870.00000000	179.05979895
2872.00000000	181.40566397
2874.00000000	183.83882530
2876.00000000	186.56568244
2878.00000000	188.96807653
2880.00000000	191.54777699
2882.00000000	194.11871929
2884.00000000	196.91795495
2886.00000000	199.20646097
2888.00000000	201.69556481
2890.00000000	204.11941709
2892.00000000	206.29480210
2894.00000000	208.66690239
2896.00000000	210.76686135
2898.00000000	212.91439289
2900.00000000	214.97308403
2902.00000000	217.22245043
2904.00000000	218.73134651
2906.00000000	220.60181800
2908.00000000	222.19067162
2910.00000000	223.64158277
2912.00000000	225.27166870
2914.00000000	226.06348603
2916.00000000	227.56687380
2918.00000000	228.51935601
2920.00000000	229.36538415
2922.00000000	229.88696600
2924.00000000	230.63203836
2926.00000000	230.89504202
2928.00000000	231.10764316
2930.00000000	231.34217572
2932.00000000	231.41047534
2934.00000000	230.87942343
2936.00000000	230.70215715
2938.00000000	229.90860797
2940.00000000	229.21488956
2942.00000000	228.46132884
2944.00000000	227.59080209
2946.00000000	226.38874727
2948.00000000	224.91171509
2950.00000000	223.58242771
2952.00000000	222.47374878
2954.00000000	220.64919831
2956.00000000	218.89114245
2958.00000000	217.25797967
2960.00000000	215.29399852
2962.00000000	213.09553103
2964.00000000	210.94966514
2966.00000000	208.88045513
2968.00000000	206.28139346
2970.00000000	204.20382706
2972.00000000	201.55729259
2974.00000000	199.06971169
2976.00000000	196.70499753
2978.00000000	194.48878867
2980.00000000	191.74291009
2982.00000000	189.23186051
2984.00000000	186.85126628
2986.00000000	184.18771674
2988.00000000	181.62438804
2990.00000000	179.04039524
2992.00000000	176.69521626
2994.00000000	174.03216819
2996.00000000	171.31031502
2998.00000000	168.95952225
3000.00000000	166.65602373
3002.00000000	164.25331605
3004.00000000	162.23965555
3006.00000000	159.68940096
3008.00000000	157.37294786
3010.00000000	155.01598738
3012.00000000	153.11115165
3014.00000000	151.01799984
3016.00000000	148.95142380
3018.00000000	147.13864258
3020.00000000	145.41049616
3022.00000000	143.52131255
3024.00000000	141.73121108
3026.00000000	140.05219455
3028.00000000	138.46336992
3030.00000000	137.09920384
3032.00000000	135.54485511
3034.00000000	134.43592412
3036.00000000	133.11746419
3038.00000000	131.93239587
3040.00000000	130.64069223
3042.00000000	129.69738677
3044.00000000	128.35934903
3046.00000000	127.30919461
3048.00000000	126.52194708
3050.00000000	125.44033802
3052.00000000	124.91142196
3054.00000000	123.75064537
3056.00000000	123.47149918
3058.00000000	122.55448430
3060.00000000	121.84808505
3062.00000000	121.28898140
3064.00000000	120.65054468
3066.00000000	120.21966610
3068.00000000	119.97826921
3070.00000000	119.43600713
3072.00000000	119.03855544
3074.00000000	118.55973399
3076.00000000	118.13157341
3078.00000000	117.85117570
3080.00000000	117.61568514
3082.00000000	117.37296605
3084.00000000	116.82369026
3086.00000000	116.71211739
3088.00000000	116.53759410
3090.00000000	116.39593922
3092.00000000	116.09875365
3094.00000000	116.09976679
3096.00000000	115.89302680
3098.00000000	115.84710187
3100.00000000	115.99656684
3102.00000000	115.50056646
3104.00000000	115.39758916
3106.00000000	115.40166819
3108.00000000	115.24222368
3110.00000000	115.25255358
3112.00000000	115.09124502
3114.00000000	115.16124225
3116.00000000	114.99384331
3118.00000000	115.04097110
3120.00000000	115.27149079
3122.00000000	114.99654206
3124.00000000	114.81531411
3126.00000000	115.03190398
3128.00000000	114.60303498
3130.00000000	114.78952918
3132.00000000	114.70822358
3134.00000000	114.68655096
3136.00000000	114.71979351
3138.00000000	114.78431373
3140.00000000	114.50741615
3142.00000000	114.68998171
3144.00000000	114.69589675
3146.00000000	114.47990369
3148.00000000	114.61126568
3150.00000000	114.79442747
3152.00000000	114.48418447
3154.00000000	114.57088063
3156.00000000	114.34823060
3158.00000000	114.71982021
3160.00000000	114.40867689
3162.00000000	114.93049619
3164.00000000	114.47234687
3166.00000000	114.55913709
3168.00000000	114.52115358
3170.00000000	114.43153328
3172.00000000	114.52006197
3174.00000000	114.41846213
3176.00000000	114.63918847
3178.00000000	114.73427705
3180.00000000	114.75118025
3182.00000000	114.34176867
3184.00000000	114.75829359
3186.00000000	114.74811201
3188.00000000	114.59459363
3190.00000000	114.48867499
3192.00000000	114.50514582
3194.00000000	114.60033540
3196.00000000	114.50798082
3198.00000000	114.43952511
3200.00000000	114.53955805
3202.00000000	114.32647711
3204.00000000	114.27916708
3206.00000000	114.27839975
3208.00000000	114.59881007
3210.00000000	114.55029993
3212.00000000	114.31829631
3214.00000000	114.64815058
3216.00000000	114.39633542
3218.00000000	114.57521028
3220.00000000	114.45539431
3222.00000000	114.39213498
3224.00000000	114.33610517
3226.00000000	114.42123149
3228.00000000	114.42340946
3230.00000000	114.56592714
3232.00000000	114.25601439
3234.00000000	114.38541507
3236.00000000	114.32037764
3238.00000000	114.14977699
3240.00000000	114.44480880
3242.00000000	114.41622317
3244.00000000	114.43804727
3246.00000000	114.38366131
3248.00000000	114.23667042
3250.00000000	114.29961729
3252.00000000	114.21147370
3254.00000000	114.53397388
3256.00000000	114.47055345
3258.00000000	114.23635277
3260.00000000	114.48723173
3262.00000000	114.25818438
3264.00000000	114.40860631
3266.00000000	114.34897270
3268.00000000	114.32425716
3270.00000000	114.42842173
3272.00000000	114.38803247
3274.00000000	114.38746511
3276.00000000	114.28071401
3278.00000000	114.34295816
3280.00000000	114.17873253
3282.00000000	114.05412242
3284.00000000	114.29100388
3286.00000000	114.19461874
3288.00000000	114.28297299
3290.00000000	114.26435476
3292.00000000	114.26311001
3294.00000000	113.97246256
3296.00000000	114.22302710
3298.00000000	114.09549933
3300.00000000	114.22083922
