500.00000000	86.66384254
502.00000000	86.98539500
504.00000000	87.14274644
506.00000000	87.23046545
508.00000000	87.14804563
510.00000000	86.93242580
512.00000000	87.07496437
514.00000000	87.15704379
516.00000000	87.16281096
518.00000000	87.19915969
520.00000000	87.11996639
522.00000000	87.16936695
524.00000000	87.05237536
526.00000000	87.45390797
528.00000000	87.29519056
530.00000000	87.43987701
532.00000000	87.42811602
534.00000000	87.38766727
536.00000000	87.36423391
538.00000000	87.48166909
540.00000000	87.42761831
542.00000000	87.45590072
544.00000000	87.53031307
546.00000000	87.64725527
548.00000000	87.63990150
550.00000000	87.57523472
552.00000000	87.66793777
554.00000000	87.61770791
556.00000000	87.44166938
558.00000000	87.63396706
560.00000000	87.44805214
562.00000000	87.90619027
564.00000000	87.88942858
566.00000000	87.94928015
568.00000000	87.66562278
570.00000000	87.84734185
572.00000000	87.92209024
574.00000000	87.63729152
576.00000000	87.84450964
578.00000000	87.93606876
580.00000000	87.86938051
582.00000000	87.88121916
584.00000000	87.93729354
586.00000000	87.85342983
588.00000000	87.83043350
590.00000000	88.03373022
592.00000000	88.03591503
594.00000000	87.89287780
596.00000000	87.96785218
598.00000000	88.04026957
600.00000000	87.90947474
602.00000000	88.29429989
604.00000000	88.21563075
606.00000000	88.26569028
608.00000000	88.05695931
610.00000000	88.33014942
612.00000000	88.14848202
614.00000000	88.05329453
616.00000000	88.36771056
618.00000000	88.08941239
620.00000000	88.22974703
622.00000000	88.34397639
624.00000000	88.37190798
626.00000000	88.54660738
628.00000000	88.47561187
630.00000000	88.14413416
632.00000000	88.26572586
634.00000000	88.30960197
636.00000000	88.42462321
638.00000000	88.36730557
640.00000000	88.42681262
642.00000000	88.19856707
644.00000000	88.60962546
646.00000000	88.41986409
648.00000000	88.35657980
650.00000000	88.45917412
652.00000000	88.54025000
654.00000000	88.50624591
656.00000000	88.37115560
658.00000000	88.70468237
660.00000000	88.53048755
662.00000000	88.50804103
664.00000000	88.60153710
666.00000000	88.62591555
668.00000000	88.68806112
670.00000000	88.86616486
672.00000000	88.43202712
674.00000000	88.68522564
676.00000000	88.65960764
678.00000000	88.78476987
680.00000000	88.94029491
682.00000000	89.08382679
684.00000000	89.08941734
686.00000000	89.36627236
688.00000000	89.99494258
690.00000000	90.61272058
692.00000000	91.41044812
694.00000000	92.78196045
696.00000000	94.28514407
698.00000000	96.51694811
700.00000000	99.50057124
702.00000000	103.11293679
704.00000000	107.69655914
706.00000000	113.41262331
708.00000000	120.13653733
710.00000000	127.36960675
712.00000000	135.75908400
714.00000000	144.42898301
716.00000000	153.61668844
718.00000000	162.62296016
720.00000000	171.74197013
722.00000000	179.63014266
724.00000000	186.45853896
726.00000000	191.55825588
728.00000000	194.60038266
730.00000000	195.75279414
732.00000000	194.46913845
734.00000000	191.44038079
736.00000000	186.20914418
738.00000000	179.53946283
740.00000000	171.75387875
742.00000000	162.87082110
744.00000000	153.84626023
746.00000000	144.34601772
748.00000000	135.60559611
750.00000000	127.47316665
752.00000000	120.30444716
754.00000000	113.69238665
756.00000000	108.11076988
758.00000000	103.42047976
760.00000000	99.68157104
762.00000000	96.95321973
764.00000000	94.67488322
766.00000000	93.03242276
768.00000000	91.56346917
770.00000000	90.80629683
772.00000000	90.42328977
774.00000000	89.79494790
776.00000000	89.57616704
778.00000000	89.50216856
780.00000000	89.36286425
782.00000000	89.36510027
784.00000000	89.07836008
786.00000000	89.30942320
788.00000000	89.00601690
790.00000000	89.30905873
792.00000000	89.09563649
794.00000000	89.19694716
796.00000000	89.22584771
798.00000000	89.14249004
800.00000000	89.16159250
802.00000000	89.07177407
804.00000000	89.01759461
806.00000000	88.98288078
808.00000000	88.81076818
810.00000000	89.29748036
812.00000000	89.14526797
814.00000000	89.06072789
816.00000000	89.17262415
818.00000000	89.38757195
820.00000000	89.00641979
822.00000000	89.38017308
824.00000000	89.24396077
826.00000000	89.37124404
828.00000000	89.37917947
830.00000000	89.08893544
832.00000000	88.91491123
834.00000000	89.22899372
836.00000000	89.18832088
838.00000000	89.26979284
840.00000000	89.04876142
842.00000000	89.04077688
844.00000000	89.15992619
846.00000000	89.24541318
848.00000000	89.20354138
850.00000000	89.08554863
852.00000000	89.00983699
854.00000000	89.22514670
856.00000000	89.23085787
858.00000000	89.19116161
860.00000000	89.22726254
862.00000000	89.18109909
864.00000000	89.13840271
866.00000000	89.00214640
868.00000000	89.15611426
870.00000000	89.10741717
872.00000000	89.27746137
874.00000000	89.14254412
876.00000000	89.09819310
878.00000000	89.21460985
880.00000000	89.16753796
882.00000000	89.26317107
884.00000000	88.98363944
886.00000000	89.00874620
888.00000000	89.04875384
890.00000000	89.21149857
892.00000000	89.32395557
894.00000000	89.09422980
896.00000000	89.18548079
898.00000000	89.18619649
900.00000000	89.24590763
902.00000000	88.95516513
904.00000000	89.05419331
906.00000000	89.30803531
908.00000000	89.25112484
910.00000000	89.34772283
912.00000000	89.28223424
914.00000000	89.24923898
916.00000000	89.17915684
918.00000000	89.01193284
920.00000000	89.12698919
922.00000000	89.11999569
924.00000000	89.48766049
926.00000000	89.39679585
928.00000000	89.35789448
930.00000000	89.66342307
932.00000000	89.78551580
934.00000000	90.07242211
936.00000000	90.32220063
938.00000000	90.68700987
940.00000000	91.23188391
942.00000000	92.01112459
944.00000000	92.57746533
946.00000000	93.59002474
948.00000000	94.75409380
950.00000000	96.13474953
952.00000000	97.51203268
954.00000000	99.30102762
956.00000000	101.51824336
958.00000000	104.11916376
960.00000000	106.70316657
962.00000000	109.61533068
964.00000000	113.31611551
966.00000000	117.03842149
968.00000000	121.03867289
970.00000000	125.46423054
972.00000000	130.25853149
974.00000000	134.92404269
976.00000000	140.01754126
978.00000000	144.97216070
980.00000000	149.99436298
982.00000000	154.98936250
984.00000000	159.66139951
986.00000000	164.18123402
988.00000000	168.62898652
990.00000000	172.11938701
992.00000000	175.30087674
994.00000000	177.84196274
996.00000000	179.64430587
998.00000000	180.57694295
1000.00000000	181.43728334
1002.00000000	180.76856635
1004.00000000	179.41525119
1006.00000000	177.87351982
1008.00000000	175.20457458
1010.00000000	171.94748732
1012.00000000	168.54452416
1014.00000000	164.36630761
1016.00000000	159.72104817
1018.00000000	154.92147707
1020.00000000	149.87562296
1022.00000000	144.90473623
1024.00000000	139.93656793
1026.00000000	134.52178688
1028.00000000	129.94269790
1030.00000000	125.30415615
1032.00000000	120.92394698
1034.00000000	116.71092794
1036.00000000	113.18181151
1038.00000000	109.68433514
1040.00000000	106.39819313
1042.00000000	103.90066493
1044.00000000	101.40083415
1046.00000000	99.26260057
1048.00000000	97.29381894
1050.00000000	95.83038435
1052.00000000	94.78648561
1054.00000000	93.29402646
1056.00000000	92.41946199
1058.00000000	91.70962657
1060.00000000	91.32241161
1062.00000000	90.67206995
1064.00000000	90.21805708
1066.00000000	89.79334249
1068.00000000	89.61158975
1070.00000000	89.35958427
1072.00000000	89.36435858
1074.00000000	89.14456660
1076.00000000	88.99507367
1078.00000000	88.89635328
1080.00000000	88.74145077
1082.00000000	88.91507616
1084.00000000	88.61328868
1086.00000000	88.77179792
1088.00000000	88.58009446
1090.00000000	88.69103643
1092.00000000	88.81604574
1094.00000000	88.79198031
1096.00000000	88.66733053
1098.00000000	88.74173840
1100.00000000	88.70612181
1102.00000000	88.70440296
1104.00000000	88.90202159
1106.00000000	88.66689044
1108.00000000	88.60623534
1110.00000000	88.88619864
1112.00000000	88.49205099
1114.00000000	88.81768795
1116.00000000	88.66410371
1118.00000000	88.62309693
1120.00000000	88.88400236
1122.00000000	88.74544458
1124.00000000	88.60360906
1126.00000000	88.74635699
1128.00000000	88.77271441
1130.00000000	88.83346354
1132.00000000	88.54884907
1134.00000000	88.54004888
1136.00000000	88.58169776
1138.00000000	88.57467306
1140.00000000	88.59684214
1142.00000000	88.53211727
1144.00000000	88.58310602
1146.00000000	88.57992766
1148.00000000	88.70774334
1150.00000000	88.80664529
1152.00000000	88.83721714
1154.00000000	88.80413733
1156.00000000	88.50675275
1158.00000000	88.31035588
1160.00000000	88.47779644
1162.00000000	88.60125795
1164.00000000	88.61545239
1166.00000000	88.69673087
1168.00000000	88.57112181
1170.00000000	88.54333289
1172.00000000	88.62820820
1174.00000000	88.38148165
1176.00000000	88.42468103
1178.00000000	88.44161917
1180.00000000	88.52066761
1182.00000000	88.64757740
1184.00000000	88.32733815
1186.00000000	88.58188797
1188.00000000	88.59453526
1190.00000000	88.62085406
1192.00000000	88.32307752
1194.00000000	88.62160285
1196.00000000	88.48517674
1198.00000000	88.62019248
1200.00000000	88.55549365
1202.00000000	88.54815365
1204.00000000	88.41116533
1206.00000000	88.55575171
1208.00000000	88.47461695
1210.00000000	88.28640919
1212.00000000	88.53327912
1214.00000000	88.65571974
1216.00000000	88.39801712
1218.00000000	88.56017610
1220.00000000	88.52278313
1222.00000000	88.53384328
1224.00000000	88.27110968
1226.00000000	88.58734486
1228.00000000	88.52153173
1230.00000000	88.58849227
1232.00000000	88.28709302
1234.00000000	88.36084222
1236.00000000	88.52630262
1238.00000000	88.41367888
1240.00000000	88.59806966
1242.00000000	88.32380212
1244.00000000	88.44202520
1246.00000000	88.31274137
1248.00000000	88.52736152
1250.00000000	88.36087568
1252.00000000	88.57381487
1254.00000000	88.52562922
1256.00000000	88.33984962
1258.00000000	88.54691619
1260.00000000	88.23075210
1262.00000000	88.43386225
1264.00000000	88.29838355
1266.00000000	88.26537883
1268.00000000	88.44825489
1270.00000000	88.54074015
1272.00000000	88.56240098
1274.00000000	88.47722635
1276.00000000	88.36288923
1278.00000000	88.32448440
1280.00000000	88.44990305
1282.00000000	88.58759495
1284.00000000	88.36980161
1286.00000000	88.47164785
1288.00000000	88.51135253
1290.00000000	88.37048817
1292.00000000	88.26696115
1294.00000000	88.68260712
1296.00000000	88.32409476
1298.00000000	88.47394427
1300.00000000	88.24064703
1302.00000000	88.26487511
1304.00000000	88.35782244
1306.00000000	88.44677448
1308.00000000	88.46401160
1310.00000000	88.36134585
1312.00000000	88.42959134
1314.00000000	88.38087265
1316.00000000	88.72876714
1318.00000000	88.46350591
1320.00000000	88.50581155
1322.00000000	88.44963712
1324.00000000	88.40359827
1326.00000000	88.42016548
1328.00000000	88.22918186
1330.00000000	88.50831258
1332.00000000	88.64672406
1334.00000000	88.59661897
1336.00000000	88.55658059
1338.00000000	88.45698022
1340.00000000	88.40204004
1342.00000000	88.61531298
1344.00000000	88.58655247
1346.00000000	88.50162000
1348.00000000	88.41457432
1350.00000000	88.64315857
1352.00000000	88.67192883
1354.00000000	88.52480309
1356.00000000	88.73386626
1358.00000000	88.76195012
1360.00000000	88.59156371
1362.00000000	88.73773987
1364.00000000	88.83932349
1366.00000000	88.73887394
1368.00000000	88.91520830
1370.00000000	89.19328546
1372.00000000	89.10580926
1374.00000000	89.65768084
1376.00000000	89.83636948
1378.00000000	89.97533885
1380.00000000	90.59249325
1382.00000000	91.02903761
1384.00000000	91.25137421
1386.00000000	92.06026749
1388.00000000	92.71888310
1390.00000000	93.58066233
1392.00000000	94.66857344
1394.00000000	95.69706990
1396.00000000	97.03525739
1398.00000000	98.53433639
1400.00000000	100.10797227
1402.00000000	101.98791643
1404.00000000	103.91086069
1406.00000000	106.02648751
1408.00000000	108.38543816
1410.00000000	110.67401408
1412.00000000	113.62225970
1414.00000000	116.52210903
1416.00000000	119.64822114
1418.00000000	122.74270804
1420.00000000	126.14156342
1422.00000000	129.48727659
1424.00000000	132.88440395
1426.00000000	136.32317531
1428.00000000	139.61018034
1430.00000000	142.88666563
1432.00000000	145.91381388
1434.00000000	149.00921236
1436.00000000	151.80956606
1438.00000000	154.03608520
1440.00000000	156.44559350
1442.00000000	158.17282828
1444.00000000	159.56010004
1446.00000000	160.80834399
1448.00000000	161.26995235
1450.00000000	161.76381983
1452.00000000	161.40525472
1454.00000000	160.57970212
1456.00000000	159.58859575
1458.00000000	158.37796213
1460.00000000	156.42351460
1462.00000000	154.42402787
1464.00000000	151.91222253
1466.00000000	149.02381053
1468.00000000	146.34625685
1470.00000000	143.09067525
1472.00000000	140.08280802
1474.00000000	136.48793685
1476.00000000	133.30856456
1478.00000000	129.86306527
1480.00000000	126.87934397
1482.00000000	123.23709727
1484.00000000	120.10345888
1486.00000000	116.88458436
1488.00000000	114.04974172
1490.00000000	111.43637892
1492.00000000	108.93110898
1494.00000000	106.53522439
1496.00000000	104.47507163
1498.00000000	102.43099096
1500.00000000	100.76480162
1502.00000000	99.31272743
1504.00000000	97.69124997
1506.00000000	96.28099600
1508.00000000	95.34627646
1510.00000000	94.25091555
1512.00000000	93.39389484
1514.00000000	92.79345692
1516.00000000	92.34330520
1518.00000000	91.67939604
1520.00000000	91.27666135
1522.00000000	91.18712505
1524.00000000	90.70090557
1526.00000000	90.46246543
1528.00000000	90.39893030
1530.00000000	90.30492451
1532.00000000	89.81527195
1534.00000000	90.12214963
1536.00000000	89.90599141
1538.00000000	89.97017060
1540.00000000	89.71938174
1542.00000000	89.82332371
1544.00000000	89.71711989
1546.00000000	89.82801518
1548.00000000	89.68240135
1550.00000000	89.47329426
1552.00000000	89.87206237
1554.00000000	89.69780737
1556.00000000	89.81595550
1558.00000000	89.70274061
1560.00000000	89.67357726
1562.00000000	89.62770821
1564.00000000	89.90566741
1566.00000000	89.83730084
1568.00000000	89.77479920
1570.00000000	90.12838583
1572.00000000	89.95167732
1574.00000000	90.07963024
1576.00000000	90.07106913
1578.00000000	90.05748512
1580.00000000	89.96041882
1582.00000000	90.03256872
1584.00000000	90.36240251
1586.00000000	90.31876962
1588.00000000	90.36198237
1590.00000000	90.57411613
1592.00000000	91.09768386
1594.00000000	91.32353866
1596.00000000	91.64705533
1598.00000000	92.17959138
1600.00000000	92.81730830
1602.00000000	93.31735793
1604.00000000	94.45336155
1606.00000000	95.60281974
1608.00000000	96.55294021
1610.00000000	98.34462271
1612.00000000	99.70080202
1614.00000000	101.88672178
1616.00000000	103.88932561
1618.00000000	106.47895768
1620.00000000	109.35260507
1622.00000000	112.30376598
1624.00000000	115.77661264
1626.00000000	118.64129672
1628.00000000	122.15297109
1630.00000000	126.03508817
1632.00000000	129.41294488
1634.00000000	133.16679210
1636.00000000	136.19435947
1638.00000000	139.06499299
1640.00000000	142.12756612
1642.00000000	144.51295808
1644.00000000	146.27208311
1646.00000000	147.83337281
1648.00000000	148.76434933
1650.00000000	148.93863486
1652.00000000	148.88230153
1654.00000000	147.95190679
1656.00000000	146.76331920
1658.00000000	144.63383329
1660.00000000	142.35825321
1662.00000000	139.77783266
1664.00000000	136.71302215
1666.00000000	133.34600144
1668.00000000	130.02473345
1670.00000000	126.39499902
1672.00000000	122.97187464
1674.00000000	119.58295426
1676.00000000	116.14039322
1678.00000000	113.23278255
1680.00000000	110.26883309
1682.00000000	107.34641034
1684.00000000	104.91566684
1686.00000000	102.84432082
1688.00000000	101.03930980
1690.00000000	99.18088241
1692.00000000	97.78319380
1694.00000000	96.49327487
1696.00000000	95.62008286
1698.00000000	95.06422204
1700.00000000	94.43314073
1702.00000000	93.63820077
1704.00000000	93.10343491
1706.00000000	92.91973489
1708.00000000	92.43150902
1710.00000000	92.44791418
1712.00000000	92.50766908
1714.00000000	92.35238229
1716.00000000	91.97117588
1718.00000000	92.18625748
1720.00000000	92.15816591
1722.00000000	92.07417208
1724.00000000	92.06366965
1726.00000000	91.84759303
1728.00000000	92.18725961
1730.00000000	92.13613662
1732.00000000	92.31798996
1734.00000000	92.06574951
1736.00000000	92.23175628
1738.00000000	92.34565519
1740.00000000	92.10418037
1742.00000000	92.39967720
1744.00000000	92.15365685
1746.00000000	92.34933679
1748.00000000	92.48086393
1750.00000000	92.32105963
1752.00000000	92.68207054
1754.00000000	92.67043122
1756.00000000	92.57370231
1758.00000000	92.77699764
1760.00000000	92.55393071
1762.00000000	92.81029940
1764.00000000	92.82361124
1766.00000000	92.73031608
1768.00000000	92.81018084
1770.00000000	92.96508620
1772.00000000	92.80695919
1774.00000000	92.76593088
1776.00000000	93.08408266
1778.00000000	92.99939337
1780.00000000	93.20922458
1782.00000000	93.18293538
1784.00000000	93.22329473
1786.00000000	93.29747952
1788.00000000	93.36747404
1790.00000000	93.36055833
1792.00000000	93.41200182
1794.00000000	93.25563361
1796.00000000	93.34132134
1798.00000000	93.60602600
1800.00000000	93.33965712
1802.00000000	93.38798602
1804.00000000	93.39857524
1806.00000000	93.62883804
1808.00000000	93.64955741
1810.00000000	93.52809477
1812.00000000	93.66534311
1814.00000000	93.69691045
1816.00000000	93.73937395
1818.00000000	93.81352441
1820.00000000	93.81902621
1822.00000000	93.86216526
1824.00000000	93.87713109
1826.00000000	93.57475849
1828.00000000	93.97376563
1830.00000000	93.94907793
1832.00000000	93.97434244
1834.00000000	94.28682593
1836.00000000	94.07570384
1838.00000000	94.38567740
1840.00000000	94.40121179
1842.00000000	94.27109359
1844.00000000	94.37996380
1846.00000000	94.42331879
1848.00000000	94.53244324
1850.00000000	94.41006035
1852.00000000	94.48304220
1854.00000000	94.85268029
1856.00000000	94.51371857
1858.00000000	94.58851051
1860.00000000	94.86775050
1862.00000000	94.69288119
1864.00000000	94.85422134
1866.00000000	95.06892843
1868.00000000	94.83910219
1870.00000000	95.01467628
1872.00000000	95.03081862
1874.00000000	94.75270374
1876.00000000	94.84397390
1878.00000000	95.20961920
1880.00000000	95.29037225
1882.00000000	95.12023105
1884.00000000	95.11831188
1886.00000000	95.27252134
1888.00000000	95.26640654
1890.00000000	95.28162283
1892.00000000	95.44636753
1894.00000000	95.57864165
1896.00000000	95.49459573
1898.00000000	95.62167368
1900.00000000	95.75986903
1902.00000000	95.57047306
1904.00000000	95.78814802
1906.00000000	95.70613833
1908.00000000	96.04488653
1910.00000000	95.77411029
1912.00000000	95.77788997
1914.00000000	95.92564196
1916.00000000	95.88733347
1918.00000000	95.96698317
1920.00000000	95.77707955
1922.00000000	96.12327702
1924.00000000	96.42341766
1926.00000000	96.32464671
1928.00000000	96.33099365
1930.00000000	96.55935896
1932.00000000	96.32522153
1934.00000000	96.41317282
1936.00000000	96.66648043
1938.00000000	96.37559408
1940.00000000	96.41963535
1942.00000000	96.49138776
1944.00000000	96.75074437
1946.00000000	96.38552686
1948.00000000	96.77156481
1950.00000000	97.01380978
1952.00000000	96.72419314
1954.00000000	96.97990892
1956.00000000	96.84318703
1958.00000000	97.00018530
1960.00000000	97.18026325
1962.00000000	97.09145166
1964.00000000	97.11595606
1966.00000000	96.89035895
1968.00000000	97.25319151
1970.00000000	97.11245263
1972.00000000	97.40521017
1974.00000000	97.35170246
1976.00000000	97.53231607
1978.00000000	97.70415717
1980.00000000	97.59715164
1982.00000000	97.55073109
1984.00000000	97.41773270
1986.00000000	97.56701954
1988.00000000	97.62089656
1990.00000000	97.75800605
1992.00000000	97.75471910
1994.00000000	97.88755284
1996.00000000	97.83822389
1998.00000000	98.00354127
2000.00000000	98.04326173
2002.00000000	98.05615659
2004.00000000	98.22099027
2006.00000000	98.16562433
2008.00000000	98.58925723
2010.00000000	98.19746478
2012.00000000	98.05255790
2014.00000000	98.51428203
2016.00000000	98.46338409
2018.00000000	98.57822906
2020.00000000	98.60612675
2022.00000000	98.37320194
2024.00000000	98.61655643
2026.00000000	98.83617399
2028.00000000	98.92861008
2030.00000000	98.60699013
2032.00000000	98.77823770
2034.00000000	98.81236944
2036.00000000	98.87371384
2038.00000000	99.17838177
2040.00000000	99.03378330
2042.00000000	99.21489503
2044.00000000	98.86932471
2046.00000000	99.20637060
2048.00000000	99.37818596
2050.00000000	99.41197307
2052.00000000	99.27369730
2054.00000000	99.35528039
2056.00000000	99.30791013
2058.00000000	99.53972164
2060.00000000	99.61862184
2062.00000000	99.86980190
2064.00000000	99.74415363
2066.00000000	99.91993191
2068.00000000	99.91659944
2070.00000000	99.66137854
2072.00000000	100.01605736
2074.00000000	99.97799155
2076.00000000	100.01496390
2078.00000000	100.09393057
2080.00000000	100.27650304
2082.00000000	100.40315228
2084.00000000	100.13620145
2086.00000000	100.41024757
2088.00000000	100.43189171
2090.00000000	100.36844270
2092.00000000	100.51211116
2094.00000000	100.50747204
2096.00000000	100.82695397
2098.00000000	100.63702121
2100.00000000	100.99799762
2102.00000000	100.71576557
2104.00000000	100.92744708
2106.00000000	101.07747442
2108.00000000	100.91229066
2110.00000000	101.17668493
2112.00000000	101.26794624
2114.00000000	101.21466114
2116.00000000	101.54529327
2118.00000000	101.54552696
2120.00000000	101.46714797
2122.00000000	101.96208884
2124.00000000	102.03462123
2126.00000000	102.17682786
2128.00000000	102.22768496
2130.00000000	102.32551740
2132.00000000	102.76331616
2134.00000000	102.96194821
2136.00000000	103.15136520
2138.00000000	103.28738615
2140.00000000	103.51632786
2142.00000000	104.03033941
2144.00000000	104.41393833
2146.00000000	104.81899447
2148.00000000	105.18190408
2150.00000000	105.78289662
2152.00000000	106.49187456
2154.00000000	106.96947199
2156.00000000	107.57990161
2158.00000000	108.57483744
2160.00000000	109.27292520
2162.00000000	110.14258909
2164.00000000	110.88024932
2166.00000000	111.97954503
2168.00000000	113.11851053
2170.00000000	114.53035709
2172.00000000	115.45266284
2174.00000000	117.05906456
2176.00000000	118.62553305
2178.00000000	120.19199265
2180.00000000	121.87175374
2182.00000000	123.25843897
2184.00000000	125.43657757
2186.00000000	127.38230895
2188.00000000	129.19368559
2190.00000000	131.58238324
2192.00000000	133.64928422
2194.00000000	136.07377054
2196.00000000	138.51411188
2198.00000000	140.94584884
2200.00000000	143.33809858
2202.00000000	145.82861054
2204.00000000	148.60433931
2206.00000000	151.16737440
2208.00000000	153.80791147
2210.00000000	156.65255475
2212.00000000	159.18006432
2214.00000000	161.75093652
2216.00000000	164.63759900
2218.00000000	167.05745993
2220.00000000	169.56740793
2222.00000000	172.17915863
2224.00000000	174.45773902
2226.00000000	176.88226911
2228.00000000	178.84044540
2230.00000000	181.30014111
2232.00000000	183.15538681
2234.00000000	184.93530931
2236.00000000	186.26072780
2238.00000000	187.58031545
2240.00000000	188.99866446
2242.00000000	190.05367379
2244.00000000	190.76778579
2246.00000000	191.37597218
2248.00000000	191.88194075
2250.00000000	191.95803657
2252.00000000	191.89697443
2254.00000000	191.69944533
2256.00000000	191.02896888
2258.00000000	190.50556209
2260.00000000	189.69582065
2262.00000000	188.23799716
2264.00000000	187.03043573
2266.00000000	185.80994596
2268.00000000	184.15789089
2270.00000000	181.88995684
2272.00000000	180.24504694
2274.00000000	178.35140205
2276.00000000	176.16643056
2278.00000000	173.60294741
2280.00000000	171.45145197
2282.00000000	168.78633624
2284.00000000	166.23275374
2286.00000000	163.88861990
2288.00000000	161.28032594
2290.00000000	158.58698369
2292.00000000	156.36128775
2294.00000000	153.41046339
2296.00000000	150.74193760
2298.00000000	148.47321333
2300.00000000	145.85452866
2302.00000000	143.61868010
2304.00000000	140.95820524
2306.00000000	138.99938217
2308.00000000	136.59407639
2310.00000000	134.48668886
2312.00000000	132.28406812
2314.00000000	130.59864894
2316.00000000	128.65638904
2318.00000000	126.92892041
2320.00000000	125.27642316
2322.00000000	123.78077596
2324.00000000	122.42675841
2326.00000000	120.90934515
2328.00000000	119.54552109
2330.00000000	118.30303682
2332.00000000	117.59255804
2334.00000000	116.23680856
2336.00000000	115.49982958
2338.00000000	114.60494710
2340.00000000	113.76728004
2342.00000000	113.18472924
2344.00000000	112.54843754
2346.00000000	112.10852278
2348.00000000	111.52764858
2350.00000000	110.88054275
2352.00000000	110.56607413
2354.00000000	110.19602940
2356.00000000	110.02898284
2358.00000000	109.47955593
2360.00000000	109.59985698
2362.00000000	109.27625832
2364.00000000	109.15513948
2366.00000000	108.88130906
2368.00000000	108.76795845
2370.00000000	108.41298801
2372.00000000	108.45824146
2374.00000000	108.34690948
2376.00000000	108.39440628
2378.00000000	108.13564306
2380.00000000	108.48724976
2382.00000000	108.46175485
2384.00000000	108.30610410
2386.00000000	108.34221981
2388.00000000	108.41318664
2390.00000000	108.05016590
2392.00000000	108.10476452
2394.00000000	108.33147947
2396.00000000	108.38116855
2398.00000000	108.43715609
2400.00000000	108.59876329
2402.00000000	108.39703286
2404.00000000	108.43886275
2406.00000000	108.57926222
2408.00000000	108.64105002
2410.00000000	108.54984193
2412.00000000	108.65059655
2414.00000000	108.30275717
2416.00000000	108.91750960
2418.00000000	108.83089621
2420.00000000	108.75987479
2422.00000000	108.72741831
2424.00000000	108.84667387
2426.00000000	108.92226140
2428.00000000	108.84085927
2430.00000000	108.99103234
2432.00000000	108.66754401
2434.00000000	109.22298736
2436.00000000	109.05211512
2438.00000000	108.99052526
2440.00000000	109.14460697
2442.00000000	109.45296423
2444.00000000	109.22963162
2446.00000000	109.09252819
2448.00000000	109.33357350
2450.00000000	109.34050217
2452.00000000	109.35970773
2454.00000000	109.48952385
2456.00000000	109.26599672
2458.00000000	109.41926520
2460.00000000	109.53323367
2462.00000000	109.59469811
2464.00000000	109.66816031
2466.00000000	109.72377810
2468.00000000	109.78614109
2470.00000000	109.95079344
2472.00000000	109.89783901
2474.00000000	109.80542929
2476.00000000	109.64835915
2478.00000000	110.14824899
2480.00000000	109.97118313
2482.00000000	110.10821027
2484.00000000	110.30356740
2486.00000000	110.05138403
2488.00000000	110.17100566
2490.00000000	109.98787145
2492.00000000	110.22469037
2494.00000000	110.38169753
2496.00000000	110.14483621
2498.00000000	110.25381478
2500.00000000	110.30579821
2502.00000000	110.43910058
2504.00000000	110.32989720
2506.00000000	110.67162150
2508.00000000	110.47789194
2510.00000000	110.55416049
2512.00000000	110.64500502
2514.00000000	110.76744569
2516.00000000	110.58843731
2518.00000000	110.85941194
2520.00000000	110.70442911
2522.00000000	110.78895326
2524.00000000	110.95163021
2526.00000000	110.77986694
2528.00000000	110.90062626
2530.00000000	110.97376757
2532.00000000	110.96657717
2534.00000000	110.92999012
2536.00000000	111.24254161
2538.00000000	111.33030016
2540.00000000	111.05553668
2542.00000000	111.11287926
2544.00000000	111.21491028
2546.00000000	111.29524099
2548.00000000	111.17059327
2550.00000000	111.43909275
2552.00000000	111.38950399
2554.00000000	111.33095270
2556.00000000	111.47059521
2558.00000000	111.22460899
2560.00000000	111.29559548
2562.00000000	111.26947012
2564.00000000	111.67567129
2566.00000000	111.60929329
2568.00000000	111.68796180
2570.00000000	111.53564563
2572.00000000	111.54254155
2574.00000000	111.79119599
2576.00000000	111.82997159
2578.00000000	111.97745247
2580.00000000	111.92829812
2582.00000000	111.77677258
2584.00000000	111.87572984
2586.00000000	111.90056963
2588.00000000	112.07472072
2590.00000000	111.78038922
2592.00000000	112.03539820
2594.00000000	111.97902109
2596.00000000	112.03994227
2598.00000000	112.01491919
2600.00000000	111.96742353
2602.00000000	112.08153116
2604.00000000	111.96759161
2606.00000000	111.97157083
2608.00000000	112.24079869
2610.00000000	112.33869721
2612.00000000	112.40831914
2614.00000000	112.40593268
2616.00000000	112.38998976
2618.00000000	112.34904310
2620.00000000	112.40127319
2622.00000000	112.41495282
2624.00000000	112.40036326
2626.00000000	112.43754050
2628.00000000	112.35208258
2630.00000000	112.46792192
2632.00000000	112.52225381
2634.00000000	112.51595822
2636.00000000	112.48244516
2638.00000000	112.66155894
2640.00000000	112.63043260
2642.00000000	112.46994551
2644.00000000	112.72122630
2646.00000000	112.85600110
2648.00000000	112.83294795
2650.00000000	112.75560503
2652.00000000	112.70501732
2654.00000000	112.68583447
2656.00000000	112.77064171
2658.00000000	113.02543991
2660.00000000	112.74001921
2662.00000000	112.85083672
2664.00000000	113.13679356
2666.00000000	112.87380120
2668.00000000	112.79420190
2670.00000000	112.85858644
2672.00000000	112.93589121
2674.00000000	113.16616248
2676.00000000	113.45811924
2678.00000000	113.28932657
2680.00000000	113.05966581
2682.00000000	113.29363735
2684.00000000	113.24569176
2686.00000000	113.37866050
2688.00000000	113.14299926
2690.00000000	113.18821297
2692.00000000	113.18556806
2694.00000000	113.43749448
2696.00000000	113.43236506
2698.00000000	113.40894946
2700.00000000	113.41696342
2702.00000000	113.43884631
2704.00000000	113.55767462
2706.00000000	113.57158876
2708.00000000	113.43700222
2710.00000000	113.42021542
2712.00000000	113.58107307
2714.00000000	113.60073807
2716.00000000	113.71229983
2718.00000000	113.63999975
2720.00000000	113.74528906
2722.00000000	113.64834902
2724.00000000	113.64017196
2726.00000000	113.83064477
2728.00000000	113.67739927
2730.00000000	113.80514348
2732.00000000	114.11227472
2734.00000000	113.79224615
2736.00000000	114.04865989
2738.00000000	114.04485586
2740.00000000	113.94686568
2742.00000000	113.85759748
2744.00000000	114.21419314
2746.00000000	113.95996442
2748.00000000	114.39951774
2750.00000000	114.38040961
2752.00000000	114.42726771
2754.00000000	114.53516180
2756.00000000	114.74475693
2758.00000000	114.87544827
2760.00000000	114.82266120
2762.00000000	114.90027935
2764.00000000	115.23174732
2766.00000000	115.15970804
2768.00000000	115.53650160
2770.00000000	115.61012318
2772.00000000	115.92911241
2774.00000000	116.01056714
2776.00000000	116.42333337
2778.00000000	116.61477994
2780.00000000	116.90323272
2782.00000000	117.43584139
2784.00000000	117.48096520
2786.00000000	117.85363856
2788.00000000	118.19110589
2790.00000000	118.70601254
2792.00000000	119.28486985
2794.00000000	119.80404340
2796.00000000	120.13003834
2798.00000000	120.88644367
2800.00000000	121.26261271
2802.00000000	121.83345512
2804.00000000	122.58510844
2806.00000000	123.31818475
2808.00000000	124.27092393
2810.00000000	125.08702627
2812.00000000	126.13147195
2814.00000000	126.84103565
2816.00000000	127.81305122
2818.00000000	129.08769813
2820.00000000	129.90219003
2822.00000000	131.21548542
2824.00000000	132.70477831
2826.00000000	133.89909201
2828.00000000	135.09373597
2830.00000000	136.66292469
2832.00000000	138.39454729
2834.00000000	139.78335408
2836.00000000	141.34243090
2838.00000000	143.14273354
2840.00000000	145.09893080
2842.00000000	146.94816322
2844.00000000	148.80839399
2846.00000000	150.82834289
2848.00000000	152.93819163
2850.00000000	155.01221377
2852.00000000	157.14434173
2854.00000000	159.23021656
2856.00000000	161.57340694
2858.00000000	163.87636532
2860.00000000	166.28203503
2862.00000000	168.83166967
2864.00000000	170.94612246
2866.00000000	173.65449898
2868.00000000	176.42244564
2870.00000000	178.91211243
2872.00000000	181.33022641
2874.00000000	184.03604371
2876.00000000	186.37656310
2878.00000000	189.12655995
2880.00000000	191.61403529
2882.00000000	194.21324591
2884.00000000	196.69802432
2886.00000000	199.36633829
2888.00000000	201.58900865
2890.00000000	203.82678658
2892.00000000	206.42282179
2894.00000000	208.68176118
2896.00000000	210.88590754
2898.00000000	213.00439980
2900.00000000	214.97399479
2902.00000000	216.79623481
2904.00000000	218.80437806
2906.00000000	220.74026413
2908.00000000	222.17429637
2910.00000000	223.46770947
2912.00000000	225.01085648
2914.00000000	226.36049769
2916.00000000	227.34730440
2918.00000000	228.52254554
2920.00000000	229.34480931
2922.00000000	229.98846716
2924.00000000	230.49413758
2926.00000000	231.09382969
2928.00000000	231.20143459
2930.00000000	231.32005964
2932.00000000	231.08786949
2934.00000000	231.02588628
2936.00000000	230.65278995
2938.00000000	230.06877104
2940.00000000	229.39877193
2942.00000000	228.50164835
2944.00000000	227.66029815
2946.00000000	226.31569113
2948.00000000	225.23427184
2950.00000000	223.64766968
2952.00000000	222.28656795
2954.00000000	220.53392312
2956.00000000	219.00243275
2958.00000000	216.93850374
2960.00000000	215.04276226
2962.00000000	213.10379826
2964.00000000	210.89858150
2966.00000000	208.86929265
2968.00000000	206.49397910
2970.00000000	204.21933999
2972.00000000	201.79660642
2974.00000000	199.54054640
2976.00000000	196.97228393
2978.00000000	194.58877332
2980.00000000	191.88689291
2982.00000000	189.19428771
2984.00000000	186.73105871
2986.00000000	184.36909016
2988.00000000	181.72937933
2990.00000000	179.14993563
2992.00000000	176.47955394
2994.00000000	173.87148410
2996.00000000	171.46581374
2998.00000000	169.26143416
3000.00000000	166.81769590
3002.00000000	164.33646897
3004.00000000	161.97817238
3006.00000000	159.56548448
3008.00000000	157.39561365
3010.00000000	155.26903945
3012.00000000	152.98644745
3014.00000000	151.27512566
3016.00000000	149.13737216
3018.00000000	147.41294605
3020.00000000	145.26920321
3022.00000000	143.52368653
3024.00000000	141.72418184
3026.00000000	140.19421924
3028.00000000	138.51572086
3030.00000000	137.01602708
3032.00000000	135.56979976
3034.00000000	134.31190747
3036.00000000	132.95617994
3038.00000000	131.45841421
3040.00000000	130.60254077
3042.00000000	129.36921833
3044.00000000	128.46009894
3046.00000000	127.36528208
3048.00000000	126.44576324
3050.00000000	125.51337793
3052.00000000	124.92471569
3054.00000000	123.83232118
3056.00000000	123.39780866
3058.00000000	122.39616228
3060.00000000	121.88789675
3062.00000000	121.44032012
3064.00000000	120.76045817
3066.00000000	120.29373450
3068.00000000	119.87114814
3070.00000000	119.44639700
3072.00000000	118.92911720
3074.00000000	118.34972333
3076.00000000	118.36716092
3078.00000000	117.78012934
3080.00000000	117.36221103
3082.00000000	117.48774285
3084.00000000	117.01032539
3086.00000000	116.77368943
3088.00000000	116.63800405
3090.00000000	116.51039776
3092.00000000	116.33333867
3094.00000000	116.06449800
3096.00000000	115.91910651
3098.00000000	115.86558674
3100.00000000	115.62481948
3102.00000000	115.53118291
3104.00000000	115.40115903
3106.00000000	115.41207379
3108.00000000	115.20068029
3110.00000000	115.18411557
3112.00000000	115.15067008
3114.00000000	115.15680547
3116.00000000	115.03174563
3118.00000000	114.87808447
3120.00000000	115.06239779
3122.00000000	114.99318972
3124.00000000	114.94648406
3126.00000000	114.81634160
3128.00000000	114.66992050
3130.00000000	114.78989016
3132.00000000	114.87332562
3134.00000000	114.84060595
3136.00000000	114.69115841
3138.00000000	114.75187203
3140.00000000	114.69798098
3142.00000000	114.58697194
3144.00000000	114.73755884
3146.00000000	114.64826877
3148.00000000	114.38145541
3150.00000000	114.62620215
3152.00000000	114.58162128
3154.00000000	114.58008362
3156.00000000	114.53511256
3158.00000000	114.46589229
3160.00000000	114.51145799
3162.00000000	114.76258564
3164.00000000	114.54889858
3166.00000000	114.60043384
3168.00000000	114.77555145
3170.00000000	114.47027204
3172.00000000	114.47209368
3174.00000000	114.48503761
3176.00000000	114.41453561
3178.00000000	114.71599342
3180.00000000	114.76461796
3182.00000000	114.40327403
3184.00000000	114.50584042
3186.00000000	114.63509687
3188.00000000	114.60768447
3190.00000000	114.71995118
3192.00000000	114.44451018
3194.00000000	114.22020628
3196.00000000	114.34703169
3198.00000000	114.50762847
3200.00000000	114.43224944
3202.00000000	114.52806428
3204.00000000	114.54535161
3206.00000000	114.53068562
3208.00000000	114.29661418
3210.00000000	114.52200058
3212.00000000	114.40410790
3214.00000000	114.58684625
3216.00000000	114.37604461
3218.00000000	114.49367991
3220.00000000	114.33842353
3222.00000000	114.35380148
3224.00000000	114.49001119
3226.00000000	114.57910528
3228.00000000	114.40595960
3230.00000000	114.26785514
3232.00000000	114.45875550
3234.00000000	114.44667551
3236.00000000	114.24691291
3238.00000000	114.39206706
3240.00000000	114.29288453
3242.00000000	114.36900835
3244.00000000	114.41242241
3246.00000000	114.26649251
3248.00000000	114.21793884
3250.00000000	114.29068717
3252.00000000	114.33540259
3254.00000000	114.34286351
3256.00000000	114.22249739
3258.00000000	114.26386044
3260.00000000	114.29791091
3262.00000000	114.35943370
3264.00000000	114.11662648
3266.00000000	114.27428554
3268.00000000	114.37795796
3270.00000000	114.12909795
3272.00000000	114.22044765
3274.00000000	114.39497315
3276.00000000	114.23068870
3278.00000000	114.19255650
3280.00000000	114.20210999
3282.00000000	114.30635108
3284.00000000	114.11965600
3286.00000000	114.16309378
3288.00000000	114.22713697
3290.00000000	114.25424185
3292.00000000	114.33476535
3294.00000000	114.23970037
3296.00000000	114.22276874
3298.00000000	114.42702469
3300.00000000	114.36058521
